73260
95883
94034
95319
101950
92382
40393
52842
3836
25070
29192
11452
39549
19162
23768
29203
100234
116762
110996
32947
80263
97006
13466
87574
108296
48807
5445
44856
83838
56247
88435
15588
116067
15487
35992
63880
104243
109252
66597
93960
44944
9455
54403
6781
103673
36155
53266
5572
84908
93671
54822
11557
52272
112449
13730
21061
33790
100353
18910
21529
83605
75806
118272
48445
92168
63209
80724
72032
46856
341
70753
113477
70350
48755
100873
81007
109005
65732
58068
47097
35707
117397
94440
95648
8230
81752
83766
63458
93514
108267
24432
29665
20494
4527
5659
106687
5825
10086
73257
46629
99894
30378
61794
98020
104047
70820
15183
89548
117244
87869
40556
78778
12278
98453
5547
295
11368
35162
51696
46268
97120
115151
27620
87062
47296
60233
38423
87361
119574
35148
84084
92415
51200
46264
55507
86857
7370
16250
46099
19805
14766
100350
28631
46870
32674
63618
118554
67245
2890
1970
11777
117434
88700
117030
80361
65309
88338
42622
96560
61712
112997
57536
81349
13921
73199
20381
38247
100953
87459
85169
24588
31181
58088
42609
29093
100370
55095
7514
100237
4777
29663
93384
15901
85288
40671
33229
100247
102925
103210
45318
52388
27318
81235
25020
36211
103377
30790
27638
3852
26575
72139
1827
66200
10740
57309
81474
67593
94934
96458
8634
45617
18729
56124
101700
106631
99710
35976
92355
105319
15676
72245
96737
106788
37871
115403
110844
22478
64316
38413
80768
7044
109299
115410
8320
33548
105644
41651
108438
10682
23244
86642
81973
91400
16856
20677
47195
13573
5683
63911
98995
96321
94532
117069
98888
34628
92389
86693
69835
7346
79369
69992
113753
63849
77161
27009
33883
73742
11335
18537
53797
77703
1051
51443
2778
37611
14917
43616
83785
92061
82875
112846
12641
118063
2470
31768
79180
69752
33152
5098
111830
5514
87076
71270
46207
15071
52986
6157
17046
12151
47957
119512
88656
112304
69435
100845
113904
42111
43292
75526
77028
33224
112636
110295
55034
10787
94894
2716
21071
81404
37549
67736
31443
30569
7368
103860
60844
67220
5760
4605
17655
103627
71814
97913
95465
58907
24071
77168
6474
67323
15002
56875
72188
33788
106032
23985
118533
2539
18350
96806
49666
76650
115926
56413
91356
43106
56879
96256
84872
4192
67899
108049
45251
56926
16845
72866
74638
6629
85575
32248
118169
66528
98719
10995
71576
8035
47776
98307
116643
81776
57998
45791
10922
70995
58339
40753
5723
30567
15810
83978
26797
109859
73184
2143
30374
46682
12642
54262
75399
90594
73187
1438
104028
4550
91475
50288
90439
25127
6297
17632
67262
67898
13193
81921
3225
76726
117878
30200
29971
116507
55902
24543
75929
44397
97625
58701
85966
8
73214
90375
96126
78985
82686
106306
24359
110148
12719
102321
71703
38738
57068
18277
16624
8859
4955
39725
53453
41596
99430
14121
113163
108627
5009
12386
70793
87523
71869
49716
108392
8699
27213
32941
6015
40989
78506
68699
18367
44295
63049
93852
25430
70502
54671
69223
9346
59254
16661
83131
60966
20218
71666
82089
104482
57388
107456
41636
54330
90658
106971
46242
31574
5565
51482
17943
95245
102848
57688
63937
4617
103641
106178
101800
52075
81405
101614
10212
59096
85388
28455
58755
89074
34914
78633
11832
32815
110860
21503
73204
74754
67930
100481
39740
48778
66586
74105
6892
86173
43602
46240
45776
14809
32679
8246
49253
117449
89898
106330
25148
25373
101405
38282
67016
20770
62850
12520
113607
35695
79266
36128
1190
13592
37113
113136
74056
39988
46545
70420
32014
14383
60266
45618
112805
33189
83638
48029
83135
2300
37809
81546
27341
109816
52238
68274
87977
83751
36143
71330
71861
100689
77937
28982
4276
90841
1846
28647
63345
87002
55636
114288
72807
17390
97831
39067
45773
42477
11484
48496
102980
11432
104609
30748
107179
93195
19735
48933
22144
84585
38618
118779
34567
33559
85525
12125
77162
88483
47964
86322
44532
41884
95890
52221
33068
15540
20649
1054
58934
12190
35455
50963
83709
96514
3284
59710
28250
5010
79532
7020
58310
17883
2121
56250
9733
53118
40055
107184
97627
119264
21104
4868
35967
54458
35547
60949
85726
92619
7787
29707
6016
88174
29812
2092
33863
80711
4305
14347
104100
63077
61993
38521
37441
5601
17293
34050
63125
31020
31331
111656
24758
68966
34001
3484
1805
63360
117468
54143
38419
75649
60175
63875
53676
88695
12833
78169
33306
95872
76337
94432
76053
40499
89612
76615
28861
100621
83340
111023
72641
53891
80023
103952
39118
34444
56284
92546
33059
101628
81893
80480
26422
72053
18165
113676
24329
64095
60337
14678
73986
97950
57697
20043
44787
30442
53553
72392
108508
86064
33380
115608
95332
89972
114185
48539
32889
82468
104695
80218
60382
101472
10385
34011
54103
100820
38871
78647
108545
7045
87759
73271
99233
100277
45665
28848
86476
58792
21593
119179
86576
27310
3999
110265
68669
93823
103864
38173
82812
94329
95140
27469
112787
50308
97994
24269
59956
28460
61710
18082
114164
72876
71880
20753
43168
15267
45346
68828
67239
98602
98771
16939
22160
38238
3697
81918
37793
18063
89535
82650
17833
19829
65928
50114
98381
103051
76698
21189
22057
102615
82238
117181
66841
71657
92936
21757
98823
47547
53044
10363
46501
84958
11647
97847
38209
92790
112235
88534
13
110638
27257
58065
10984
100073
77241
74705
19914
26033
33970
102474
37218
27919
39146
19389
28043
117811
52162
12432
106067
114209
63873
36876
29863
73329
104952
35443
64324
106195
99085
98959
71822
43278
112818
96165
4528
44422
34736
115887
8887
72728
9960
18126
23460
94958
38575
100532
85556
88759
100451
104954
13369
84593
80131
61410
98276
32015
65587
34525
27058
46288
20369
36941
27119
46425
8790
87921
16710
73734
58413
8945
64801
2292
96602
102029
180
44022
68683
47439
103922
103866
61804
30977
21245
61089
38439
39267
113695
81019
117072
81176
90824
94591
8515
33624
86220
29279
3412
50503
15966
12148
76588
32198
119614
106192
3035
8343
114020
30486
70620
14015
13185
85497
62978
115408
60667
96577
51820
103829
12146
71164
40151
36375
108918
94988
4939
102763
100208
56549
79415
45763
24751
22000
55093
69558
17316
37994
16459
107564
81872
87070
90702
27724
31337
74499
11547
101491
104195
5162
83003
79162
91415
71637
8925
55189
76220
24541
90050
164
45713
70147
5532
68402
19195
114567
36425
36676
109846
17522
101453
98520
18232
101220
33575
14731
65429
60448
51211
78354
9763
106590
26785
18481
95395
8579
119390
37181
111004
116632
96374
56053
118780
51081
105180
49512
105060
49498
24369
48132
16824
9307
104725
13647
76848
32600
107425
70895
91554
7209
58620
105546
42266
42066
44890
113383
46140
41970
70035
16747
76270
99124
42014
22042
49565
103743
75243
111836
82531
100199
86006
54095
89248
54249
17717
111227
61795
80780
98128
36637
48530
51410
110683
60481
10641
76383
66456
544
105152
100042
31323
24439
7315
70884
5980
46067
39426
27824
108125
83304
83368
4088
89891
58776
59708
13018
108032
114613
50704
37953
81551
18854
84022
58019
59924
38318
18977
25756
80535
18708
64997
95026
100615
100772
83908
74213
42390
103276
107196
74507
113645
105005
57947
3643
56046
24970
90728
112233
67859
34497
76235
64272
118413
39238
64252
87538
61189
36634
30958
77825
3486
33671
23048
30629
96269
29212
80773
80798
110856
76162
58155
97695
81732
2432
72949
63473
11245
19594
75846
52308
70983
63161
4750
42811
84791
66366
99730
86926
22175
118895
83812
23930
95305
32825
11128
62756
36012
102557
77705
26279
