66453
51575
35007
73954
65663
49616
8554
91766
17560
28619
110068
29639
68863
18978
19582
81392
90609
57501
76765
30909
9799
49424
42755
88839
19136
2761
51850
7204
83119
77232
36364
73655
52482
13436
19773
9023
67139
71714
53454
12933
90561
65141
78655
35501
34228
64824
62279
81880
89423
14239
44972
97649
8248
101539
56497
38459
86532
106767
6520
75919
14144
116765
8808
84677
111040
39788
77927
78306
105540
102708
46344
45015
86509
109573
39438
17105
70084
7547
43803
57458
97278
9727
92374
117209
69359
33236
50865
74525
90236
113939
59246
100474
104557
38084
110650
76052
100770
14491
24008
8638
77462
44816
114744
82771
52662
36944
107949
103827
84319
64002
112878
65472
14666
37715
38610
67282
62934
49762
56976
109539
43288
19070
104080
26717
15463
83066
57407
7068
103495
55987
57838
61197
60086
22313
100387
75717
66916
33649
109708
23008
77971
1836
52584
94006
88829
91224
118967
94644
6428
97050
63978
42967
22796
97276
37296
111760
48451
60738
10898
110791
75793
100417
10526
35077
4468
18960
37162
35454
77090
112695
40397
17527
94531
18782
2474
49626
92506
69832
464
103259
46641
103151
67376
38029
116933
28693
66335
82885
6132
68587
115886
4818
75473
36169
104762
32253
100119
20313
55343
21092
113029
72048
82890
93898
53413
70952
26565
37244
111035
59933
39543
3747
103407
41729
57355
1722
57958
28733
53255
104574
49876
21764
82848
46047
89288
112303
20968
64875
97282
97954
74352
77521
44438
104390
96822
72614
22182
52198
14851
44497
25318
83684
56393
35939
89748
31638
85887
65953
21959
6675
31608
56772
119019
72746
25108
6734
60446
83876
59400
81477
19126
54039
58964
3099
112811
95022
31363
70318
28265
43536
119632
19644
66921
80767
61814
100906
53591
100780
13243
52750
80512
60715
71466
48801
58161
84758
79296
33630
30469
42076
118375
2685
66975
80178
26732
88385
19708
99764
115660
49581
86366
44815
59491
56674
94969
23264
68109
99713
41295
64132
8777
114364
67003
4215
23652
79386
28812
57817
111923
71768
25370
74263
64235
95114
119571
4626
55483
82915
95416
95969
98327
45525
76595
36906
10297
8244
82042
80499
5668
19547
24627
114545
63420
23900
1059
73791
109179
85779
57105
64547
80307
73903
81508
25364
37681
95146
74440
90783
22273
19291
76513
113115
13142
88684
18351
52764
75710
45921
88555
103798
83666
60602
4047
6177
109457
56446
40431
72806
42417
90610
77570
877
3656
61471
50122
77735
72479
106170
38
12311
62084
93999
65921
9400
63800
13872
31502
119951
17278
71297
31992
113124
118376
35013
13723
111720
55614
77714
19369
30183
92950
32833
97187
113914
106448
69642
82092
24334
96634
11724
77423
48157
41387
107249
29726
38638
21390
94173
7513
69543
117834
102366
45406
118569
4653
61092
2684
119751
65132
7526
5177
54364
78008
53322
112841
26927
5119
78548
6070
18534
31054
41542
13838
37725
57256
109396
83173
4918
39494
1176
64447
5035
102111
25441
56746
80821
23876
28475
51524
78271
14962
114292
75259
32509
83255
66564
67599
103773
108991
72736
95348
37928
82331
17420
57148
30274
25700
3851
1065
84089
3206
40387
31724
52769
114157
95777
97638
99049
117614
76485
8150
99239
58360
20706
53784
85036
73659
57267
65540
49938
90716
25745
72766
77445
105296
105166
95685
95798
64009
12932
113698
119584
35309
90523
85774
12945
105259
52677
7285
33073
114047
47667
95019
62542
6594
108936
58044
48660
17818
28699
101916
58516
13493
31842
81367
20107
46308
79054
85521
103826
18945
106825
76334
5171
75985
21243
65767
15100
98396
92669
72559
54829
68662
114058
108939
46828
60320
106728
33205
68707
20193
1638
48794
84793
33181
27778
83602
19687
58276
110789
90588
65744
86146
11022
92135
97432
109771
96080
109317
11620
116472
45068
5993
84057
69770
106438
40614
6489
52808
35788
108431
90186
57788
55988
104619
107671
16696
53744
34464
107699
56618
22371
52898
32275
44530
64164
80279
32320
35816
18761
75634
41681
49769
101365
83761
70799
21581
102463
59746
18394
86396
16691
80649
6755
35812
48448
1520
45432
9161
34068
106644
107998
98495
113404
43931
40638
4967
54696
36435
22446
79101
8912
30568
40866
113846
70671
1649
46650
33392
117482
30692
113167
50665
85098
90687
92276
29869
12112
27715
95992
82231
68093
61564
21314
96348
86815
41273
58852
65425
113471
70932
113514
116379
35508
74049
76782
55657
48809
41141
18859
61470
113084
33023
61358
6357
90498
72176
83512
60821
3865
109991
12880
104342
97271
13988
48535
98606
94849
11906
45769
39689
85618
58675
54122
103956
37593
101184
5104
22253
35050
12091
62586
27605
62824
93673
49633
88040
61019
78534
69710
75285
99622
79678
1123
101339
58724
70429
86694
45839
41984
90219
42737
72144
83172
37191
35390
101561
3722
64962
86087
63243
20023
46933
36147
56536
78242
2090
34820
7079
113120
88701
8480
35994
73341
63922
7978
34665
18548
47344
67882
67751
104512
26708
45247
52824
116375
117536
116073
98647
10621
17245
29933
78082
107994
11020
12314
114449
94574
54794
47817
67726
10070
105735
65505
47380
88539
112309
76371
41921
92031
30622
96617
91606
46661
72912
42238
30431
41825
119524
73884
114814
33897
23243
97445
75755
29410
82986
26634
24052
5176
51675
99903
38060
42613
87773
28625
10847
95698
82575
2927
89493
27807
62892
12867
92232
102582
89419
79898
91395
85263
69120
82708
90379
22820
70025
5583
46497
3289
47005
119202
10674
60565
65969
38309
81348
47831
2405
92417
45385
17318
14187
14602
82950
61236
38692
56648
72042
69065
8619
19094
18182
56267
10197
56916
75225
21244
102525
37211
45751
53690
76414
96265
29771
11073
52036
47751
50015
103125
47430
73180
115177
8185
24704
77596
20527
72196
19039
110760
96583
33450
90283
54227
8605
859
28788
66883
81750
38950
73826
88398
16373
37924
5843
46066
61014
2101
112121
87303
51086
46614
49215
14123
88226
34260
111131
25532
41997
53701
113927
28806
85021
116212
58508
77116
95358
8348
73586
85514
28646
3766
62566
12672
18083
34216
30312
44886
64638
84610
10789
93105
95366
19376
34534
79675
119768
21282
39991
55192
78393
8005
5415
47587
81227
93909
9071
58154
42612
71472
61528
52180
78348
105607
55931
37991
61616
37199
12467
116118
8744
102182
42482
53723
13979
42270
113633
72090
52421
55344
82428
96058
29179
42798
111211
3455
81931
16855
79311
14937
52972
87797
43655
38839
3340
20757
100654
41443
63385
80511
55346
91930
72353
96511
34451
52332
25278
12093
67681
73197
47692
105507
110940
43446
43062
99900
80130
49649
113985
113161
97476
32728
29343
111626
62793
76145
95693
81852
44035
3524
90354
64516
27879
45939
99294
62355
41041
2462
41872
25762
83642
31939
33400
15106
111119
8494
119766
29299
201
34388
26669
12978
31108
116289
84626
34794
75171
18698
58151
5219
111679
72124
74027
90308
61349
31889
89398
21887
33902
114649
104878
64618
111922
35133
104049
2867
4943
39855
65059
118024
16234
36837
39746
6630
26393
62559
28921
11987
65087
115320
105747
73156
83701
76554
82668
80454
26636
907
83011
22343
11411
104847
70481
106633
32981
38908
42810
67790
70504
34815
100315
104019
35971
79385
56873
46480
74192
6533
103004
102671
50588
109490
55285
114393
90868
17661
52547
57517
64940
77262
15980
76150
69969
74914
71725
101429
5702
32706
64396
99080
7253
110207
109078
18611
9415
91852
81968
108762
101208
105393
68011
56565
61139
71133
105666
49103
43772
87628
34657
32444
102041
67326
62230
105893
42783
45026
3796
75974
21280
47733
108751
100080
90481
71264
17319
56824
111230
75438
109431
73035
94728
64035
25563
112592
96046
11591
7301
109776
26924
13905
77541
18987
63443
101863
49051
72135
17992
63542
54234
64701
10846
118459
119147
27766
98548
56970
3630
11820
41229
40065
50811
103675
78218
112243
22257
71865
76442
30599
45450
48335
6260
14945
35831
108643
92125
59111
2048
32860
92783
10416
108251
60098
17375
29877
34981
76360
37690
64128
78414
2385
22961
66907
6562
48285
114401
110261
14954
66017
118136
99856
25311
40705
48685
55828
21204
99404
113072
31657
88945
94090
52177
64175
9826
111295
75559
65991
17478
35872
100495
49729
7462
69953
115210
94217
45879
75958
74777
11856
28532
101080
71659
83752
100660
19869
56600
64364
117520
103096
18262
102803
34723
52310
55621
73888
28777
39660
110528
107747
2123
20174
96731
64524
58693
49846
108439
22151
47101
13784
24520
47163
83505
26367
107257
116221
98103
14923
100179
82136
87807
31075
85031
95615
110655
84642
92904
97997
94530
2009
11834
29083
54296
94815
11477
57389
20332
10275
1440
38138
90546
54937
43775
28956
110360
113543
81132
98700
49687
81217
29857
43054
110980
103341
6973
37030
12344
52484
95577
22895
112978
53120
61200
107885
79692
13380
71420
80071
78741
114270
113906
29900
99421
93847
90849
65844
97883
34599
113284
92871
104046
83804
20371
85455
17266
51083
104553
78230
54846
112733
34511
10091
119316
63723
67557
76365
38128
75328
75537
11166
94617
43807
115907
70312
109052
29870
97397
68238
31920
119073
104658
113343
109882
52781
101587
115610
44443
12915
106863
4056
53726
52582
14979
81276
118098
14465
69002
23439
91667
84408
85593
56638
31144
89365
52551
106090
92358
24268
58198
85014
34043
68770
23653
7999
36993
51345
29824
106068
39447
28855
117148
40101
64812
115816
117991
82377
9255
57252
88786
48734
103312
105179
10901
117731
18918
81013
86920
89574
109393
97816
96841
94650
380
23709
12433
94900
58640
95132
21514
3845
88473
36202
96780
110393
119054
1738
112782
12130
18609
32196
48360
818
16455
106701
