60593
93758
44309
29864
115035
47418
106783
67395
65849
45289
119059
50832
49036
7780
2869
55222
65855
20507
56179
21779
22868
63142
69619
51026
113427
80344
494
42374
35965
90040
33787
103227
57710
60672
43385
36666
91550
26327
119469
59018
84769
22078
43290
71296
99684
99480
42523
93097
61098
26633
4487
5254
14559
119640
1099
38289
100383
35307
101014
73908
33859
117065
107988
82817
98104
44861
6837
50982
63878
39025
45121
73763
78950
26712
94384
76948
105686
7731
79337
49053
25729
31243
105357
112942
82808
23325
31530
89602
67781
25776
107942
72794
113938
43249
101858
16815
37255
60581
39802
100588
114825
70732
100146
31040
62092
117530
114715
109907
957
27641
43186
69328
193
22227
62569
28383
14455
50635
72708
56414
83516
88632
85592
94126
66028
75036
114524
73118
118306
56936
6394
21710
28347
31466
93083
5576
56842
64769
83006
46840
54734
3135
13444
79517
114798
87748
7911
47342
52938
21624
58654
42831
50202
37164
11773
105254
5406
14549
6650
63533
64795
77960
93819
106975
42041
77183
53411
64044
31931
26576
15263
22139
5961
91587
64877
104023
100285
41606
14475
93332
22394
18539
113098
75698
39810
8483
103111
17380
38392
99990
58727
42493
25919
5966
59840
117455
63763
86234
60449
1831
76151
46595
53719
68065
70611
102290
62689
34017
35584
94661
2838
76617
48492
63035
12139
46524
33365
16603
71361
90549
97600
6055
111646
111165
105994
69872
85334
43
575
17975
110448
92447
77654
106069
47609
100875
10340
86749
24764
43141
27512
3293
96796
116066
33754
88821
119483
108379
37405
63198
10007
18278
64005
49961
68955
70220
108417
66961
9366
27426
109024
22036
39317
10939
96205
35440
85038
25546
67049
48718
60318
93494
76015
68968
90530
96107
33320
77512
105236
11585
86108
9576
36572
23844
41
7179
19583
68159
104145
44416
98691
31080
4941
27734
82665
102876
2159
68862
47507
66675
76723
29718
98081
46825
14535
79062
39058
85747
57027
106806
36741
6504
84457
15529
11046
45995
57053
56905
89885
59054
109807
25299
43269
84035
43057
113574
67748
16523
54058
88865
118806
112677
59241
16142
