45539
1157
7128
20521
25703
118424
105343
28624
83180
109628
23788
57653
49996
7200
78295
83952
42325
109352
2126
60307
62001
75088
37235
207
103726
31965
51244
75458
98260
101829
97287
15590
11734
36418
13060
116961
108413
112282
111585
25551
42599
116340
49787
41707
107246
116798
36264
84896
42300
67116
1985
528
19559
112428
59762
119021
55489
54404
76297
90298
100918
60411
75132
51723
65852
90660
55127
25021
17426
77150
14154
8067
96475
41074
78095
6259
67421
20361
55673
109666
49531
106734
72886
26914
41666
18437
20667
39404
17783
91595
107460
83606
77819
42309
68436
66217
31756
44943
104321
74214
10123
86130
98969
26451
14155
109051
108806
118339
208
65829
77497
95691
86105
4779
49111
28724
70850
104198
114265
13876
74600
76737
36247
26119
54221
84567
110593
73929
55051
97108
37724
6169
49168
113103
46258
96877
92679
80593
66349
30375
47992
21433
82490
81520
51390
68488
4667
74107
94952
51379
34376
93260
80976
88352
62342
31491
35332
17855
19940
97999
7588
19660
67544
30788
76092
40775
59193
20627
63461
20504
34870
49162
75935
99259
63638
87014
37884
7434
21595
56659
112828
55326
67247
94912
10630
82482
101663
106860
95567
87068
83854
67286
116559
74242
45451
71432
17492
72465
97702
111022
114167
29840
48475
108635
86734
29705
23414
75187
10667
91101
81061
28581
113350
18125
34744
52224
21127
109559
36427
75847
62280
88560
6195
107026
9377
13132
78204
20950
30368
65998
114634
12056
53231
87824
117796
24672
8047
81522
78713
96160
51936
27925
46659
74119
16015
67607
49517
67305
42415
116200
119770
64507
27912
59410
101673
12829
118406
18657
83763
71022
5936
21101
70168
70133
69681
25231
111069
4230
29255
15955
61529
28071
15602
110199
40754
21820
51986
104191
106167
57731
105877
14119
95635
70971
11438
57203
38600
108783
29715
65628
67458
7890
81172
28055
65533
85602
14619
40808
104849
6981
19305
3645
118151
30729
102618
31383
100888
92491
74391
85681
86940
13787
98696
33158
6673
7812
33640
51619
102990
90968
79478
58357
25144
83694
4825
20866
76881
79258
89461
12044
84422
25402
97440
76998
6883
89023
115572
119619
94
103343
6060
110649
77719
9223
90749
113517
90777
68408
81700
81771
109032
84175
21341
40976
45259
101512
36081
83279
89832
55
14137
60214
106232
28896
45434
75552
8191
111100
51078
101606
103349
104719
6352
94657
94437
12695
21210
1549
107082
104633
107823
46222
82020
50943
83799
75558
116333
51513
109540
1792
85691
26440
6321
9831
86558
39237
111629
71850
41746
4938
37379
95707
108856
73013
98677
37126
58803
101155
99829
33167
106302
15448
66432
94232
110200
87572
33550
99381
82224
24575
96294
39010
77945
106155
31884
80334
39451
59995
32179
8254
87421
86753
116446
94122
41414
41255
105913
52522
53467
50381
72999
81072
53678
85832
110897
79042
23422
107114
107805
113779
109768
91441
4236
30708
48107
87580
65452
38208
77509
111481
90686
11589
94194
32046
94346
107814
56051
104893
47203
27910
61527
104625
103071
89729
52516
82167
26954
16326
94949
15426
92983
102970
116839
70728
23344
52702
59591
63685
26614
83042
45189
87588
113076
58860
112480
105724
7103
20686
62974
22048
39039
47108
118694
3688
79519
111968
78156
14035
103882
59726
53259
67565
67825
97400
105240
50255
695
22352
64415
18836
30975
101281
9840
94846
108384
10313
40537
46899
98886
33318
67012
96122
46451
104012
103064
31270
60504
101219
19658
61731
51980
102818
68188
30228
81496
109812
75628
93904
88886
58078
109501
41973
88304
119576
58592
46703
9263
62790
89477
69415
59210
110072
72963
97505
54640
92509
72322
20663
8359
68926
95118
37232
78368
52105
104497
55146
3157
57561
46205
93147
100693
97506
41569
63388
104443
15505
78152
18981
53442
32980
109343
90973
5419
30201
101859
80979
28886
63096
72741
115125
7981
66303
28580
4544
81026
113009
103173
97911
15911
1133
58975
3710
49293
50084
40873
53021
21517
56593
95910
114136
10770
73043
30883
21229
111528
18310
34677
19672
23704
51348
24518
103588
80820
9845
36707
111334
17018
38323
60670
104090
83058
86077
10513
95787
104004
56466
119851
43052
49771
45625
10318
86467
18359
25780
107280
53072
7735
85366
104424
107017
5228
27037
3740
116973
64785
7135
76439
52774
29427
84206
105524
9531
73618
107291
95292
22184
80664
24368
99090
59532
68454
9607
67460
1849
109087
4489
98523
52196
101041
72978
95454
32475
115083
87501
38527
51072
47295
22237
28327
109582
91249
58855
36556
61153
78757
45382
9169
41979
46719
66656
57063
5123
26078
25277
32813
18884
106730
27198
57988
23293
118388
2145
35555
113778
26724
39085
6314
55105
11100
57334
62015
40951
45418
94766
45802
5432
102212
83149
25477
9177
117201
64782
12384
58702
89648
54704
15154
95894
32869
49609
106652
78635
112168
109894
26360
34662
110299
29645
36351
107882
31442
19418
23683
71996
5143
107908
51406
19167
57785
112972
108460
92624
12160
98974
59157
21975
81586
567
22418
1731
55296
101448
12033
60198
99509
50619
36947
48845
11316
16283
70326
105401
35962
92786
109176
56724
110851
17681
97131
12794
119615
95121
118381
91944
29862
6274
15904
6776
118052
17164
48823
21991
118786
3658
39597
89966
36100
60025
75588
19492
24798
9854
51436
29250
83717
80357
63726
92863
88346
49995
92883
58790
46178
89176
117039
36894
103898
27703
43305
41694
68035
55226
111668
21356
106428
13378
25802
89096
105897
45512
63499
82370
38320
62747
100356
10722
92317
78657
77309
86591
83081
97410
36029
76931
34785
55243
3622
62867
25961
63694
98745
76191
55369
65041
56386
60194
21185
109328
82477
40690
74472
28234
62656
92022
103705
97565
92578
7387
