4111
9865
28685
20844
67978
74996
106775
96831
23125
38833
66772
103714
13102
45468
89377
112948
93053
94700
116810
97429
34084
37274
34076
61598
29385
68709
54863
18075
102857
71496
9942
35918
92855
108171
13777
9301
55495
54021
105335
110914
78618
96840
84302
10329
90502
4062
73608
95988
47629
52703
30966
30365
100896
65015
115855
27955
96886
91942
54289
106336
3444
100225
24774
12805
71511
82260
27199
110805
74245
35388
94520
49060
73444
49143
24803
28655
105587
59523
36972
114705
113849
47375
60567
15989
35830
3445
13101
64470
79159
37105
33044
93476
94146
113348
56930
32383
79052
9219
48520
63903
59094
91458
1537
76005
24940
102429
109787
78894
68071
9084
84144
23918
56226
30060
14250
33448
42414
68313
49334
39307
32524
57393
61128
53010
12982
6139
119480
118916
40713
17484
101807
22127
73112
65779
59688
77088
25422
39029
26752
76029
31694
78904
66858
58845
70138
102335
97810
79457
59264
12696
44700
84990
59608
98268
60769
29990
91480
52799
51480
107733
41151
24032
74630
114310
52415
110139
99215
27531
10909
106409
110259
83603
24813
44871
100592
31483
98438
965
33670
48998
58738
30103
109022
22449
93659
19950
109410
65637
96063
2188
97072
66536
82169
270
82124
37328
104946
47842
117881
88144
352
44166
23189
80759
66717
34428
51959
1370
26590
97206
17009
34901
48986
3600
24640
64042
95186
58723
44462
39894
97878
84097
54750
85095
13571
68501
69394
7660
50646
56435
84633
79103
22905
49192
9732
25248
65624
112431
23801
81898
13717
64874
30559
89106
18814
112806
111168
59390
84655
7900
99082
116613
70297
78365
15619
42790
66264
103384
92921
40451
19434
3888
107647
42688
32553
72856
1634
103621
117657
58208
118277
24492
35884
7509
63517
54980
43435
55571
19965
2740
86486
99973
19728
71177
91735
39534
25440
51435
6687
43721
61856
43496
23045
98737
75884
38614
80109
99489
87185
91392
55037
24505
61593
67417
10232
29786
28878
109405
37531
88961
67571
77255
7799
118122
91824
113049
108958
45607
58455
19493
60759
71623
43232
51808
25210
9967
112033
116742
74300
25154
64813
110518
75774
53756
116917
97026
35213
82768
45377
108393
50790
20743
106016
104682
10693
14323
6398
5831
27126
10461
12099
3483
3333
94749
62081
72173
118422
112957
1035
65693
61063
50559
83151
82623
54162
85839
112350
49028
89257
77284
70601
77208
28121
53858
87919
67390
110046
44971
56568
106123
119940
52892
101695
95188
117766
61290
66621
30025
71223
43231
63242
13499
15207
62616
106640
10576
40366
15232
28325
14230
51104
11485
57052
7009
21531
105052
118796
88128
94925
81252
62870
42573
56335
96329
90565
33505
21744
101170
80067
16752
25593
59190
96882
38601
66494
72017
68317
93764
45680
89061
66815
74485
79813
86964
33984
23926
24087
109270
87845
6262
16085
119642
105492
116035
84026
103678
48580
102488
119968
4507
114954
59732
62099
50747
75213
44118
68812
110577
3232
29782
11934
113697
26093
76459
45328
10708
82786
7288
99268
76430
64174
51101
89169
66093
15226
106416
116650
54042
56895
92284
9981
67729
61855
90217
85854
115541
15859
45291
80463
36259
104399
80458
80910
51856
13960
69725
18864
115342
56306
26226
55997
13653
8621
57401
14533
38447
67913
57357
118225
95012
116720
92048
14503
87599
96719
37719
10565
66443
30291
32870
65674
68685
53111
96636
84208
68460
42247
34256
20746
111161
76646
49442
6565
40942
12269
105788
103857
32761
116817
151
75831
84236
8040
85549
73822
10793
4888
61488
46953
109829
28864
67958
93003
109019
21756
105901
94510
70076
9476
35334
17172
26502
95986
40284
110169
26411
952
92124
3371
103424
14046
101142
61914
4645
103858
12108
64460
68157
23599
56719
90200
87051
87334
117586
82342
98578
81628
52170
67131
82362
111426
107486
61465
98867
103292
24380
117733
5842
54938
85020
75094
61425
109680
117952
53717
116362
103803
74132
84700
17015
72105
81600
43264
2368
65136
111060
105331
105165
5218
83394
23436
27871
60649
37488
12692
54329
40597
28509
25000
43149
16218
60298
56569
29388
82803
92791
22285
119093
47041
111099
89995
29644
24383
44224
28893
46580
41018
990
93901
25009
3419
65314
88904
31424
95493
46062
79533
86326
86774
87476
79125
16962
102456
45629
22334
18011
6117
58741
53456
51745
56333
89206
68123
36114
70248
77459
64195
42836
87317
28836
55466
1906
40801
89742
111709
2870
107269
13120
111324
93843
1048
14629
101756
42319
81599
1448
2590
118833
82096
22321
32531
41356
99833
113809
12768
69955
13703
53852
69587
43166
29468
79815
66168
102480
49884
76182
25378
59233
1488
100290
83837
90274
23057
119320
42073
76911
20792
92177
66767
9265
44117
39171
81964
102799
108766
45131
100652
23482
72605
9729
82442
47270
89928
101248
71819
39035
72938
87634
102643
102975
26198
28968
28309
76488
44277
53579
65426
98313
7241
95431
85096
17949
43686
91207
107871
41263
100272
38537
22875
31155
13630
31198
42189
21575
40883
107044
117273
79874
115095
75133
107700
52993
91039
63622
82279
101331
21079
77907
32160
74160
13969
3636
115072
41271
55453
30474
16542
32308
63883
64372
94299
25717
52893
92885
103061
36997
117382
100193
74448
7457
6285
19915
36970
103329
89119
96600
18682
46266
68325
22378
86713
3490
65519
40421
36974
63208
105757
11226
30930
13311
63095
12817
114230
85995
94795
78659
96405
119739
43831
66527
110122
47366
44106
109880
94452
48323
30012
8407
88735
116805
85248
64135
55110
112625
61555
47231
28457
44547
90861
108189
96744
40384
80526
20038
54137
27524
68632
15733
27217
54647
54735
69396
50912
68218
67743
93958
40570
83870
1878
14648
29137
100562
56185
52785
113721
71475
36577
73869
5818
48570
63167
32145
3842
26017
63283
87133
64986
82765
29842
40653
4048
32936
38284
18527
8159
72034
87948
41079
77034
110794
80387
26687
58575
65416
109613
73094
52913
30080
102048
34079
45352
40411
43985
91502
50429
96579
109239
63346
6327
12720
36461
90166
12899
110471
49305
68276
82683
16349
101671
3106
81114
71184
109691
35360
90934
93582
34302
78731
31169
26619
80088
59362
83253
1403
63619
20418
119435
23667
78223
96087
104659
87955
57441
82550
79858
6899
57158
62981
2903
63968
117102
25262
51082
71367
59648
90764
25170
105447
52817
19939
12985
63838
85772
52425
29351
18822
33560
28012
53691
95608
12532
45529
103016
92131
82713
62274
46600
61130
1651
51177
8499
98040
119051
98347
13254
21273
16679
78580
85750
18725
95322
91568
94837
64033
21780
72726
76431
68609
101156
56204
62357
30787
310
117923
52741
94474
79882
9794
60296
70548
17998
118903
22079
81361
20918
44310
1584
46335
5493
37710
2305
46950
77935
91953
23379
81678
12
105188
84809
93190
64869
67021
92660
71989
32592
5221
102252
56070
50487
93965
18758
64662
35824
116501
52888
105588
105760
28599
10039
40572
36078
97358
51644
20243
48235
104111
97560
40105
94645
46845
52665
87637
32974
67788
92940
78263
101115
25615
39669
75150
102564
3588
40239
82666
97182
56265
62553
104142
85008
99265
38784
21199
34969
101767
60068
31692
93748
15047
58604
76796
13384
55631
108021
8065
89078
105501
47948
87085
99674
656
23358
7549
4603
34112
71474
28389
80797
103516
39846
8237
27981
68818
38142
43781
70808
65938
70809
51688
5403
97155
99037
39705
49663
80254
21554
38802
97650
18330
83902
20475
1835
112400
110330
74489
116801
60466
53274
78651
83626
75180
104223
75382
57691
29814
110165
66795
115868
19335
36560
82512
49654
118820
21076
25444
97355
86168
77491
85573
58298
108974
24046
920
44476
106699
34200
25797
101221
71208
99076
15045
81215
53888
103848
54079
24603
65607
2850
86707
35423
20532
119197
18787
19024
40664
100610
12694
50960
51355
95141
9656
97705
35728
119725
119560
117747
4932
16208
21180
43301
96647
48593
13952
115721
43401
10343
29819
39775
3651
46026
33583
12873
40509
9108
61155
42643
111708
23329
115167
44780
22737
94499
11751
41467
65382
60501
66653
34269
69381
115081
20983
38026
10555
93092
31639
6810
76958
93049
