54268
113757
118170
51150
74706
112066
21275
1958
75651
20416
24238
38048
116192
42383
106824
36502
81186
117870
69188
93071
62455
7706
54191
78475
90
86165
86522
45627
25466
115715
103840
39680
62080
104039
47553
111602
103834
50651
111011
1861
32097
14011
11939
21450
27346
17202
15809
71669
103254
100327
115628
70907
96538
113487
109876
11926
44516
103599
56360
35481
92275
58965
92255
52868
93628
3202
78656
23851
22998
73120
15659
60674
27561
12394
75997
2782
19650
64244
53958
13879
93108
13500
35727
74746
41279
37103
104590
11626
97739
71521
1777
44198
92861
114669
119737
86534
80667
71594
52895
74451
34550
94015
22726
9629
5260
63145
16878
104603
47326
81648
104620
31943
95854
93287
19746
111957
39671
117858
38255
84822
25862
23591
67896
45048
28423
68514
63213
56295
49254
99071
7464
117911
42553
10699
36596
110545
20091
78333
78561
33408
55726
75564
10280
83743
34764
14674
76502
55162
77430
81369
72990
42972
2973
69964
118094
27603
101285
63975
14818
59716
62814
48739
35887
83289
51468
73350
112173
105467
106521
35964
101036
8228
23488
89159
23011
42396
19340
11801
7015
114782
34821
5716
5430
72156
89746
56039
97645
106864
23320
6484
88360
54936
14955
20870
31957
54919
78304
22745
6538
104479
64844
94224
46505
61543
14816
86244
98571
101988
53380
11087
39487
86075
38382
80995
103085
95747
77469
87082
17131
97821
77650
80998
113560
9422
115181
39005
29082
49748
11089
73503
112634
101215
99488
81913
102951
108355
39218
42425
100631
60252
111897
30506
88597
28523
70892
77688
81641
9109
44072
13815
58764
3306
88303
85523
70380
60682
7853
80137
88254
62531
86670
58798
60358
99748
7278
76061
86723
13177
67639
57156
14897
97479
102807
83886
72028
67484
13252
103126
6020
29222
13610
103435
71970
18520
34947
47643
99402
3981
57935
31944
26934
39290
27004
111829
32184
7997
107489
23324
52527
107897
98533
101812
50498
29390
63711
28815
78465
50504
7013
65088
16805
116225
28090
24762
78623
101778
70440
48651
33238
76248
1608
117335
67160
13372
84772
400
76299
24816
59248
51306
42605
42207
19792
25949
58410
117435
31194
82361
89963
40325
112789
7023
45827
93962
108515
28642
74061
26090
22407
5688
115414
6437
19593
108809
49566
77965
50807
6441
36504
82757
80472
89623
24547
84177
31091
104220
84197
96960
81930
35136
76701
21564
108749
3501
47662
97556
6201
78009
119354
28313
88187
87914
24246
34518
87561
117926
58999
49393
108192
33707
16190
109174
15477
9028
93096
9693
87645
119252
100943
16260
18626
58553
66775
73482
71498
45376
113855
54078
47867
107352
98243
92763
18089
106352
16306
38556
10481
1026
78720
22256
119853
12293
23396
44099
22588
44609
98592
1102
67765
104801
70303
29470
11978
7493
55209
81207
62458
107052
58979
19711
52646
61716
65451
112934
58791
20535
40253
32122
97757
56663
65862
53226
96040
13516
79710
89418
70275
59227
95339
65025
22772
87553
90784
75234
19761
53610
16715
56896
30281
109253
109735
115595
15852
91312
119709
79982
101350
69155
84086
27019
41054
78712
38742
86725
72729
89118
53752
93879
90315
113860
70401
112317
4619
68422
75597
93229
76396
101111
41048
34565
5711
51747
76642
71808
93411
75196
40201
74465
51515
34789
1367
60755
70795
26879
6089
74502
26244
117179
48258
103232
51879
87370
53141
102743
107251
27094
61031
25699
26978
38781
17437
7389
39798
92959
45955
6679
89690
14344
118815
82084
36366
51693
92919
22367
60218
109477
109418
8447
830
59502
73496
13561
6607
67586
81583
76995
65327
88918
9509
21749
20882
12850
97264
61574
19007
101265
105468
73050
118116
99032
95868
78794
98880
29844
92802
117371
57964
9769
4294
62654
56711
708
49859
4827
29807
50002
59231
44635
75852
86527
66566
12599
26777
36312
58136
112612
21802
42932
38706
23993
65837
95684
19474
66715
25978
37279
75939
97053
103888
59546
35419
75598
26582
47176
105320
110663
71305
54342
91543
69529
30535
88037
72987
6155
66316
10603
31985
46914
41878
51405
77053
118474
60156
67708
30420
18145
113153
100153
17314
64514
102084
69438
88169
114483
61230
46401
85897
45136
53803
20768
76380
113686
108070
7395
11950
16488
39115
25721
104070
45311
92949
2046
77966
97426
61163
101873
43625
75113
51312
31933
83271
85696
10213
88962
67659
2487
66701
28682
114540
84156
79305
92854
82229
66643
42632
102842
18855
92795
46043
76384
81456
31561
103471
20257
43395
50763
94816
1241
107398
67369
78195
27023
39514
26183
43614
1167
112715
52776
59116
61610
2021
2970
58870
51156
72703
78889
11119
116905
58600
69589
74950
98784
44797
83201
75242
68829
98528
25856
79002
26453
83852
40016
11311
19931
53204
46088
112163
11750
59571
118529
97564
24820
53745
20467
2664
34435
17451
14697
99861
39476
116906
77948
119325
70415
77139
57020
103389
87381
24056
13793
46571
3599
67077
46107
82149
6227
102994
41523
28311
62379
25167
35923
15034
2513
15583
60305
70847
107862
33581
67403
67241
96492
36296
21899
103202
94939
26001
56861
20132
116920
18178
85142
53447
33360
114005
63365
10607
41545
23582
9834
95520
97311
99935
115768
70662
80944
81098
57442
54512
50330
70542
88928
46118
97867
110074
72945
97553
111033
61256
95646
43981
42558
88046
69337
53668
57552
49778
53016
44793
110000
59134
24519
58089
114458
113951
37952
24565
104791
87865
39590
12931
11721
111516
55427
4362
80381
28959
114473
69629
45538
16080
116936
21854
118994
58916
35296
55383
58739
82754
95063
72221
52389
102632
69190
82164
108531
53311
23907
85552
107130
117267
107830
98057
37373
111798
34412
115850
75830
7386
68995
78400
53548
19019
26412
36630
60899
118294
16943
112501
5575
91732
503
92422
13967
51126
77317
59142
87122
115059
60824
46979
266
36412
84709
40305
111609
118214
39553
103045
29392
14548
82980
67035
31573
94870
49390
19872
11980
61495
12656
40929
111943
77666
90155
35551
117269
63755
79539
84906
27066
66805
51804
45932
11631
36623
85183
47657
55816
68819
95583
44335
103841
103250
80407
89122
79075
101633
48371
20592
39239
89220
104937
41103
38086
104718
47466
4317
17808
43526
53476
98408
32784
85215
93389
39044
108904
62887
47603
52030
40026
16245
83313
54390
107731
20586
14655
22459
23778
84081
24563
24117
116733
60184
59848
55323
68934
117503
38518
29939
113327
15620
86984
887
94582
79176
42344
51955
85349
55048
13442
44961
91857
73657
4830
16665
93458
25414
112009
15254
40849
13681
42905
119239
110616
16120
118383
101114
71172
29523
20080
61193
41695
29920
11687
91499
9017
80517
112386
14080
46801
75002
107855
68177
39486
