42437
114836
105321
882
46569
9056
6694
57915
113646
47354
107111
108650
79811
107663
106689
73673
90506
108611
99887
52592
44346
93982
36538
117732
33511
2660
94103
104233
57385
109450
45013
111258
94271
101969
67301
13344
19948
74707
98298
2556
50612
52052
87024
109
63118
104349
15287
90611
62134
19261
29515
58982
17079
34895
94227
55579
49574
48552
73839
93136
47223
4074
16772
58361
13080
82648
74127
30825
62065
94615
32020
54302
117806
61674
33937
58429
117519
23906
17423
10711
55895
47328
15088
46987
115429
9796
119693
50705
103739
65714
108005
105513
22987
93431
29993
50009
91077
79855
58889
97956
56649
24374
29408
117573
28592
99573
95552
61973
87114
80419
95915
47759
114028
98638
12444
111873
73141
26694
117736
58947
77359
48543
17917
23499
89003
68478
9761
102654
90856
102679
99121
109462
49056
18862
95485
11680
117441
30764
22029
96490
97033
15706
7385
36953
103668
75905
63422
37678
72127
12308
11436
93448
43392
64192
47432
101967
27179
101576
43544
89488
135
75646
2726
26224
107313
72995
87817
116647
116678
69477
45062
69433
64000
25722
47890
118549
72706
95404
57673
32283
47066
77549
51677
58633
7161
70409
71688
21981
102583
83791
95255
51016
67995
53299
3567
97045
114985
104407
100605
68424
66128
28386
31271
80939
86199
79022
32411
103390
52942
99696
54703
110410
33257
94314
56377
87611
105502
26993
11759
117688
10380
82218
12009
115645
10135
102033
89522
108557
10055
4607
89724
114508
75092
55512
30407
92065
22204
28463
77398
97848
57293
69428
79953
111738
85819
56907
25182
90233
52292
29517
44168
19633
106528
81002
73804
37609
27833
77828
92515
55549
33137
91228
30463
20169
13411
86048
92641
24767
35450
45195
17342
43359
65359
37867
99483
118572
50178
94379
109382
59842
30409
83009
25047
2452
59604
83367
117762
77738
3352
111224
97325
7907
47421
118996
114688
90092
105428
71374
114561
113288
86790
94174
10742
40839
74421
101819
118058
114389
105119
62151
26860
18473
78153
74921
116856
2116
53547
4315
95417
17017
74806
60862
88284
77692
116122
108811
87395
59373
18870
110340
69818
33597
36275
94790
26478
34003
45194
95300
70331
31660
63297
85704
72889
17031
83843
89909
78258
63902
109726
108458
36021
98259
12664
105097
39165
119121
103908
110868
59740
15019
16902
58622
41601
76851
118573
7934
43650
18206
12705
26952
106914
107844
66966
11571
72224
8726
998
20628
97842
104572
63227
112281
109723
61392
81441
71889
59338
40056
113706
74277
96873
82398
114131
117740
79088
100655
41333
104
8830
90141
28238
15049
7639
29353
112535
90083
42399
88814
119429
63154
79734
56357
101653
117651
414
42971
71217
113556
32577
34234
20368
75599
43480
37216
8163
42809
13270
102428
16241
81412
31775
35617
111393
6302
48076
91698
87541
21811
4760
79502
22112
12748
28850
17412
30591
57396
116162
808
112991
17084
5160
34726
26656
47137
15586
69700
10382
22149
47543
275
36131
100408
74054
62721
101012
48201
71126
11177
82810
31952
101793
95564
45551
31205
17013
75146
1954
61305
90751
41679
72024
53206
100062
113386
62236
81661
39997
3433
56152
36222
72645
104179
41573
32266
97417
49772
53605
52120
96426
97931
