109220
39179
33191
63852
17221
29315
65433
8453
2468
48927
67151
9790
5776
70546
77877
88044
3707
86076
76745
67604
8920
106469
118551
74601
2678
46208
114161
109099
116338
82498
117845
44550
105617
73898
48725
40749
117460
3560
88172
117458
47362
54319
52378
101207
66801
26487
5707
33741
93396
4509
54928
53489
4624
11891
66843
12575
113790
64858
63405
30588
14280
33708
2260
82874
88399
63261
87604
48241
67110
22276
1239
7006
118073
35164
105476
58978
61246
55912
119045
7314
112292
56060
2088
101734
69496
105797
104459
47672
97158
48021
49970
62382
75927
111835
11233
10357
16223
119205
94057
52541
103101
57145
4710
27618
80984
18506
885
59667
14494
30735
64904
43629
46695
115703
84859
105725
23814
70416
68016
107613
39174
36825
109974
98196
100613
92216
72511
38490
43739
70825
65012
71908
102221
103928
45225
76051
18720
110105
13322
63376
85627
91975
39440
9383
29462
21217
75647
74308
30659
112463
38390
18549
101857
9020
100256
7893
82306
26333
89079
77710
10453
51175
22362
28750
73301
1406
75688
65790
97555
104458
93710
85441
101572
60658
89138
109195
102600
22063
14229
32013
64556
71137
23910
53261
9334
88084
98123
10173
75504
22396
75364
114059
119386
47608
75393
70853
112933
47745
118791
28675
5750
63593
58007
97589
63364
58343
36936
25410
3385
28209
89092
97779
115036
93482
17653
99149
13727
12310
96716
36897
102958
30370
49377
100031
83358
33813
112451
96168
4224
47322
87814
83417
79441
45767
101749
114480
99280
113609
70945
81637
25491
118632
43478
111717
59361
99640
99822
71643
13695
40912
29732
55416
84085
23894
99507
18285
55699
56131
90034
36658
101842
96379
56767
69451
29131
53652
32101
83074
76282
111558
33324
82111
36552
76773
101889
89407
103812
34217
93020
100842
36654
80857
92628
73359
62052
89799
77473
69094
64271
59099
16790
56673
77912
48945
53301
20942
29044
8536
20072
35700
100742
7815
58851
49751
19789
76241
99722
56508
85735
26909
102634
112231
59552
96724
115047
33861
51207
30638
35564
70118
79606
102031
63643
59041
35698
108069
23845
54666
39729
38312
109705
67771
7722
14843
7064
68767
30155
107298
109854
91894
58103
93139
33228
35030
57190
81527
69233
42984
111077
100512
30704
16826
24564
110028
3680
118072
90766
24953
11349
36019
109034
58892
68042
88840
106688
106172
29886
40162
12919
116357
79392
66032
39691
80016
72954
52576
37186
46570
75874
71901
75389
24401
114262
103274
59076
76017
48606
100836
101945
22373
6412
19262
63439
88384
31239
91198
75984
55061
293
56098
83807
36278
65162
94470
37098
64804
100121
94295
81209
68162
73886
38046
89926
81492
23556
47386
67102
33127
3655
32337
29772
40266
35324
30509
3468
42122
93597
56628
18078
113411
68621
107143
80152
87515
95967
36952
63065
54648
98379
73443
89329
116610
21770
66520
83746
96240
70934
1775
32237
22934
23279
4485
95256
17615
109784
104382
59064
9337
38441
40440
83050
30808
36055
2624
56437
117346
44008
51558
53455
27016
34305
86680
39260
34389
45253
108308
63496
63248
27785
91187
22033
86147
46833
51445
56424
112600
17327
11339
88845
58504
93152
69748
34495
23749
98625
47898
44172
3992
67810
67201
109626
9163
88733
75727
77004
84187
100201
948
8914
77890
38002
55658
36573
94683
85473
61457
105332
111045
44259
39769
66825
26125
80110
42541
62722
5725
54729
50458
44891
71772
105995
53290
22286
38570
116525
105690
35372
9426
100568
110035
84950
97872
75403
32436
38898
77233
20031
57465
35685
113657
28152
18634
93189
21907
7173
25391
111746
84762
25705
7061
83806
63080
57754
27314
105602
27358
14131
42048
1243
34663
79010
17863
83737
102961
89142
4599
78136
38337
27583
46699
20682
67402
27926
32548
47160
80378
73875
65496
62963
71544
1885
39823
101027
58236
45236
47055
31165
5984
40484
50160
19886
106617
55302
61544
34951
117886
71846
35260
29850
62682
104160
40573
92821
85064
39602
96718
84440
3210
76170
13737
7240
73388
19969
73244
28086
113680
89384
27336
117982
29298
118664
49782
111429
69349
47916
60788
82253
98295
82018
94451
55486
38909
31617
66037
117665
47331
62962
81905
18954
103256
32824
40316
26311
32056
7223
82966
86931
11123
13942
55737
119372
44268
86475
109947
41055
3435
66232
109933
72399
64724
30961
83272
106802
85325
38551
76057
4696
65817
52376
52846
40772
66521
1089
60059
15266
101914
16091
45290
100719
81050
54895
92958
115024
105822
15683
13035
81169
18300
41827
98785
46787
111564
82945
56480
112641
106187
21403
21609
45818
69838
20263
49183
43386
54927
111172
70608
81137
116794
102629
98786
8985
94012
108591
46861
40950
60828
48533
99105
5332
59053
34708
39882
4254
104935
99326
72897
62391
43998
19044
109685
25296
49899
34768
98447
48987
51752
96156
33509
15835
70235
68101
100768
84999
116234
72734
7656
83094
57013
37958
84735
84678
38994
57449
74046
28362
78404
2683
70003
61718
15054
67470
76716
30623
96436
31170
67955
63271
95276
100167
69252
60599
110354
55958
102458
4910
64921
16846
82356
45112
75302
17466
61606
19134
90706
16519
60889
84503
18589
20348
98501
45579
856
1029
116676
15244
85091
55398
116233
77239
56277
49447
80764
103207
91450
43036
78512
119871
91746
53209
52386
8540
52833
22150
6573
112098
57907
53094
76808
107030
42479
115099
104486
27903
29258
74716
71109
84426
77783
65158
47913
119838
107851
46187
82766
57507
109216
41952
104202
97615
50730
16025
39116
44492
112237
5737
109037
874
1119
98215
46346
74898
65351
6476
41159
40236
110559
57664
93648
2204
29338
74783
4284
33489
102155
52660
27851
113363
11749
100792
56088
49226
80749
117417
29606
113755
16953
93640
119597
54510
4940
73044
59129
38555
61100
63141
59082
15599
118655
113155
30314
108771
2772
25456
75433
97820
95169
21389
96888
79490
56938
70367
67915
105991
7191
11810
64753
67117
19093
66739
45204
101830
87676
40743
9623
2804
89983
50842
100546
25315
48094
70807
23872
37750
43743
80758
57589
71086
103616
94857
56713
39672
55695
2862
66929
35559
92764
36831
108338
47045
33866
87819
12595
35678
55263
44121
40165
28231
6468
57363
38510
10573
60125
106194
40714
20831
96984
30397
92991
24153
109173
80235
2932
89910
118397
110915
27129
55857
15580
36042
41335
71663
51258
89224
32351
15295
54594
65638
56737
45093
87207
54310
99590
31304
280
58473
91957
24347
115299
30812
117804
12960
33097
28166
74665
91200
16991
108025
114412
46925
61376
108981
60394
16794
17900
36065
113918
81292
84131
92226
93646
67676
5227
96868
50168
1513
48192
39499
57984
32462
119950
43525
117082
19961
23881
49759
52767
112827
93263
69229
67044
32745
77583
115127
81161
47956
31097
15394
1087
95650
67375
86949
75193
80173
38237
105053
53757
70988
116927
79545
50727
93422
96584
31713
81971
82309
6942
24544
92421
11857
77748
117617
84884
20209
93486
28980
69287
68777
22966
70670
103410
45166
89818
82106
99476
109367
112640
96672
66246
108584
45490
49506
12243
76751
32703
115294
11743
69672
111013
56995
28307
35516
21542
2403
76343
38211
82086
80684
103375
6479
38381
70149
83556
31253
51716
52062
27180
15243
20123
77031
83749
62845
23988
113656
65207
109384
61821
92401
82343
111405
95037
71036
86140
106390
46326
112865
7720
108737
84687
24351
75505
116729
21594
102354
34469
42565
45682
76193
63489
98961
108841
19701
73122
91121
21027
91909
77488
7053
87723
11198
99209
24689
18851
17132
109957
104555
86052
28208
30896
19944
106856
51721
615
20489
88331
44894
83047
44677
36921
57181
30180
109460
99395
48349
68702
33533
100471
577
69100
46693
104402
76914
63729
98454
65858
31126
111187
67063
119304
31468
35675
107526
87795
30242
37492
90919
35796
17754
9710
26132
73751
53038
62190
39226
31600
108361
7619
7681
53338
96364
101856
113089
74646
63382
79941
103011
113807
5287
104875
46878
101060
70667
8373
111441
103961
72426
44316
95816
52684
27382
51991
56567
35056
86969
95435
46153
74483
62408
20747
107502
42602
60486
73520
89704
