56887
117203
50404
104473
37737
67850
48424
112985
15271
76106
37278
108533
28212
99715
51308
26727
116261
50686
75502
73976
74477
17734
104384
12560
88991
73722
6744
105133
41804
12853
17931
30275
69879
107451
113898
102403
3974
18131
17695
110889
50151
90300
89683
9561
103420
74310
58092
21366
27756
85976
34224
86792
94239
6445
81858
89065
48471
31606
116387
36500
49814
48573
91413
15083
66450
92810
24572
94701
38241
59299
27291
29228
63270
24821
91274
87363
101935
53375
80935
68643
37971
33545
30118
96310
50798
14586
101977
30356
13639
93500
85567
93814
70774
25281
113810
28555
68989
94719
7149
47844
60638
19937
38837
70645
103350
82676
118889
27850
70506
96013
58719
108063
107737
24643
44604
51618
114702
111643
46415
100582
90035
115122
98889
85570
24490
32426
11224
69118
25327
2272
56225
71608
114455
101288
32850
14172
83664
82585
95338
2588
8667
31696
22844
51786
73298
109600
43074
87530
93606
34019
54391
16013
20559
28067
111352
35901
25236
8488
88600
20275
111934
57534
16170
106936
38365
109104
41290
29928
17592
62952
16473
85414
60278
4526
95464
117271
88871
85632
110063
39687
116132
103619
58865
23614
77370
99547
78027
15231
82388
9371
92058
24271
34073
56587
86535
69966
80608
53460
67491
7247
20187
68340
27138
63262
76154
25827
49691
74510
11789
50313
82201
101245
19401
91786
117714
31505
77729
55973
25247
14563
48626
26745
61582
82133
74794
61397
102554
48648
6567
40805
86841
95015
39086
41082
93341
25029
1750
78004
91168
53136
27759
73358
39332
28493
64512
69056
49177
18029
64564
50768
115626
40329
48388
33913
97022
34008
36371
7560
54656
12746
68582
51215
68380
42249
34117
2416
30860
37228
76013
98247
113521
71690
110920
98759
101900
46108
34053
36186
110922
8118
77316
112504
78288
44356
14853
74241
100253
37506
117428
51139
94514
114624
20702
38006
3671
44400
13556
101715
49789
78570
72006
84899
42975
81684
63782
58868
81782
77534
37758
77856
11896
117672
88531
51585
51926
38642
22017
60829
18465
76363
69116
4128
107610
87641
67099
62172
69910
5065
48330
85611
116243
95282
102073
118883
38971
42362
7979
53954
35672
11839
118349
86987
36815
5090
26799
19341
16813
91265
32163
6943
26631
74908
59374
90840
2263
1322
115824
4679
91033
92352
18938
59866
21551
16775
96455
52360
47251
13747
8901
110943
87871
68263
2490
113704
93110
27057
47882
42531
66169
90628
90899
53504
115063
26381
5512
7651
65361
25835
25467
40275
44047
101772
18172
17171
62003
23266
62309
102521
110223
103379
59536
5546
100374
70434
52723
38340
71995
99067
68725
33077
91378
12866
83030
79613
114018
17054
44835
91945
18962
117897
81576
39492
7571
74664
80745
97765
45471
107357
32130
88665
87144
36477
103342
26522
29696
51080
100134
12630
38201
70310
95280
21588
52289
86867
9091
70435
28913
16117
39418
70740
34888
93829
107252
41323
87936
54278
27183
75660
92367
100143
33456
81150
10615
40810
69273
36880
119492
41121
7776
6340
94862
108491
5184
106557
75871
42488
65407
50461
94468
103930
74166
110126
16249
48946
37348
79016
108363
91949
89335
12235
58305
83776
55843
79904
2063
5582
68406
78478
114349
37185
73229
35169
67478
114875
29259
40049
107110
118006
10272
50039
61414
98264
76932
31624
99425
49592
113063
81285
32199
82406
28875
40796
35766
59619
58690
68192
92981
85957
39167
332
113605
11691
61943
37177
3298
101272
72391
21798
68419
97332
113501
113532
80547
2201
88576
50354
91796
43539
34366
3623
110269
96328
49324
55298
10294
6602
100649
35688
14055
36110
17612
107965
65049
59208
956
104347
62456
110149
112089
89378
20939
68483
64578
55018
42800
3065
68170
114063
114175
69723
88327
26573
44581
57304
33651
13286
56071
45401
111354
28124
27158
60950
3220
82836
22002
15414
106974
47318
38795
67837
343
117660
113206
18848
3011
66726
69979
118589
43500
71173
48624
53713
45180
34440
54810
9775
97473
50725
80107
36664
115545
12893
104117
6442
105719
2420
83319
16116
52928
50975
99353
4156
71646
104101
68646
95667
47304
105667
2645
32582
53573
4574
117963
48746
17389
58012
112517
114913
41297
102638
42527
113907
64077
7113
51753
2457
65123
32885
66708
75711
97933
119920
29496
51069
23309
23817
59283
77089
78185
51123
98470
25095
79327
36931
41339
94364
3349
95230
20933
115766
48053
70447
27486
36372
57766
7086
1732
55000
6544
118207
40020
99327
70817
22641
15320
107104
66840
40471
56783
21789
94987
32449
72822
20215
680
4363
24952
63387
114633
104657
95709
56947
102224
48944
35832
46721
96069
90657
77632
59511
1376
33752
119554
83485
87214
77392
74835
96760
24919
35410
3023
106660
43969
78769
66429
98210
73706
66721
16932
15813
104598
107760
74057
59946
37800
79241
111863
16288
101444
37223
117059
23634
21379
87124
36508
117113
16684
108316
19016
63293
50959
52355
75369
109085
58679
40645
55697
43452
29697
46469
108577
99927
36161
33417
106253
62513
19214
89217
29225
64217
95224
96793
29411
7839
73930
42824
39877
94068
28042
19783
97058
69416
22534
16166
68376
51119
24992
23427
29898
38755
67107
114526
92398
57074
111093
66317
30263
42500
53650
73339
14167
3294
55956
81676
13664
85765
58133
68282
39228
108326
34355
19878
60968
79182
93205
90456
36987
76514
80304
117571
55312
69167
75444
76080
89939
18088
43956
5312
41592
34579
68896
9574
70087
21214
52507
76556
88057
119514
17140
119903
51322
43135
30024
21166
57418
6525
112657
110414
51378
44119
101263
80280
73159
100171
49818
47308
51298
101951
