10374
40010
13423
110234
82710
19320
55935
41725
46897
102414
79994
60300
5487
104365
107216
7574
60720
61287
64917
85851
109189
4210
70096
59196
99194
119251
4587
26206
80187
81549
108404
77082
76894
86383
111974
80485
2854
83261
118317
10166
49860
30249
106042
82162
81817
6882
26358
23911
66377
72338
32088
21590
116564
50784
51386
68864
48140
55574
112587
22946
27848
27934
35483
116744
14003
44825
83048
100217
58049
84019
85309
62755
83211
35086
278
32691
45029
104010
78718
102471
1951
43702
95668
5102
55746
86179
117957
99536
114114
62827
94211
107887
30943
77192
36267
55188
80104
77999
48415
51746
51921
1922
34135
65225
107504
114890
28080
74015
24854
96713
57971
33802
2169
58009
97698
84042
61422
70580
76557
78249
88603
28390
56331
30405
60717
25516
45705
83617
16471
85536
19287
19190
58499
48906
38063
46183
113391
119620
101284
107222
71661
67483
77048
82791
33111
95270
54102
80702
52284
114507
23403
20725
9483
105681
44546
569
63224
92504
65262
86247
44997
61994
5916
97088
21073
73340
9512
59524
90341
40013
103255
24424
80141
90725
28204
34521
49499
102273
118088
6652
78482
29539
104217
111810
12455
13901
14222
58816
77285
15871
97482
6693
41231
113100
14781
85616
40285
32218
35599
66212
68117
112615
9823
63630
14316
