70450
65896
36820
73694
56485
14127
80114
27513
69146
108869
49601
80445
111754
9014
10564
66728
98895
8547
39328
32398
39458
6121
55444
83375
12189
34837
77668
92554
80533
14593
69075
119502
46349
119788
65142
83686
6170
54789
16719
90627
30098
67476
81567
60533
19707
4175
4956
102909
80438
14819
925
106002
43340
24084
21957
61081
74188
32085
22604
71998
60925
89534
55538
80214
56311
106
49849
99852
42103
102494
118687
118979
46518
117078
16401
13277
13832
61978
90000
97366
109156
78737
38019
69302
97017
104405
9911
100344
77077
3163
5990
39557
53794
36575
109286
70166
17659
5127
68181
28070
106890
31895
72844
41938
79235
100424
103257
48671
64416
26899
44215
89573
11023
6712
44369
50464
54660
40376
66174
71788
89087
112076
59446
62484
119798
93950
1481
118481
29592
39510
24620
52127
14031
82857
119552
69924
18002
8782
44507
112566
97643
61829
36969
62245
70959
106357
8869
118627
38307
78314
10452
69664
10098
77263
80422
49900
80755
30861
39789
64392
101335
33038
90051
111368
69668
879
67956
74978
99207
70600
74565
19724
78532
115777
45970
7848
51884
48709
83401
51944
9175
112825
35535
73510
101596
8464
8723
88510
41689
98767
2880
82604
29955
38486
75616
27639
109913
46090
15919
53028
70524
96895
18666
56963
119961
110601
49145
114860
61261
87822
103302
115756
66687
107894
52880
74559
89620
9609
52924
103552
70946
74851
83887
67427
105269
86758
73129
71942
36333
84570
58532
108260
13780
113129
19923
