81128
63915
29260
46114
17683
22224
90602
46543
41060
56286
95352
41315
93763
117823
12180
52791
79496
75064
96140
99457
25003
33910
12025
75746
113065
93372
62573
54163
3792
5734
98958
97416
55792
38280
39741
110618
106956
58345
82326
4031
60853
53984
41512
42969
116898
2550
23390
61730
81654
7091
13526
34210
82617
57297
38646
51982
110250
104154
29803
7792
22458
87491
60510
2618
80410
87333
83252
109796
38303
50152
69004
26228
13599
31987
81929
79411
3467
71401
96270
28244
31830
63850
62369
22842
2433
90038
94774
74799
71448
19665
3756
76553
118693
9724
90284
61022
37830
21810
99409
76089
70262
36992
40644
105315
24063
10580
12922
28628
48366
73147
28226
10794
58502
84338
95911
50625
48595
72884
44712
20670
86913
9376
27721
88661
82262
115835
18935
64373
104370
118298
40161
29466
10194
60929
7359
726
69996
94960
30371
9423
48336
34725
110321
57959
15556
16139
102107
11746
80170
74633
35185
39254
45301
110211
3129
112026
101377
93775
51892
33053
53949
53695
115620
12840
91534
95790
53168
73121
47599
101947
99912
102034
118748
103996
30210
117914
68387
39603
48575
48698
88558
3323
118195
116594
6549
91775
75551
30722
99426
10626
113877
10935
59954
49347
90770
62333
73907
47943
38641
29448
31324
16088
16957
104604
49864
90921
81033
12012
55504
46095
62302
13966
117522
39959
40160
88438
115235
77578
58122
17014
53551
89470
82543
13347
50437
62327
33635
75461
10360
24065
38744
67498
103159
61157
8791
117146
4501
10092
70419
97937
46541
40763
32286
58960
50158
53569
57313
109283
19343
92027
86424
114048
47219
65788
1952
27558
27539
69617
118310
100832
26570
111757
91083
30824
93856
74576
53878
179
112804
34909
103811
1685
47339
118836
117537
99591
75049
11527
10704
22061
23355
76661
94219
68430
34650
103887
6090
61805
31453
45240
65120
67746
64964
43475
17648
69908
62787
68458
117813
29096
10574
25301
31906
13326
3482
107465
19884
65140
92569
32158
4987
10790
58223
88178
22118
20721
21457
9940
84778
5305
106836
52063
41815
119913
55846
35167
15988
26707
65738
71200
95346
22815
80956
33370
38351
97571
112276
96354
25644
12062
78334
71125
67925
15993
64100
107789
50362
94088
86072
95805
117358
110138
8628
68521
38372
54740
56207
35534
24461
36459
17794
116301
65192
87290
22356
66
41754
102765
57408
6119
36648
90458
55602
59582
30169
109510
54225
42927
93988
36581
40674
54153
87034
79760
116134
116655
23650
83653
29373
26102
50007
2167
84914
23870
33270
3188
28122
71546
96064
86482
8177
106210
22519
64694
84191
9783
44174
91670
21718
1366
52499
95258
13852
89390
27462
111351
89677
105758
87480
70307
30003
7607
97448
51709
116665
74164
26693
13881
98491
105508
72815
111042
8059
113470
81366
74505
35165
86295
65073
13123
103367
15033
76368
72004
27975
15293
21281
22867
13687
101134
72045
64781
9538
5967
76353
84632
114372
99972
55170
54655
73723
60012
32741
80247
