18358
106714
49753
55104
93301
35610
44795
98300
118071
20024
65615
115146
97421
48347
24209
55680
99676
109938
115276
116358
23031
97285
64680
34655
24017
108437
64306
100617
104229
69266
54953
17799
46611
81756
43821
109385
84757
105987
50220
79291
108
58351
18003
30618
86367
17294
11973
15729
67261
82159
112718
12724
105874
24696
108929
85673
50438
40913
58363
93255
54840
107617
90780
52140
15294
113323
18968
115844
112953
72287
42574
33433
56150
105376
68179
71983
30707
25849
119360
95856
35652
20481
90977
38170
15805
31871
36446
22495
88154
76532
41112
111321
88073
65720
17222
51412
66615
37976
49174
43990
65277
68513
17691
13288
112527
3397
31490
7671
85244
60509
16730
31881
107561
51419
1436
33252
53281
2221
108124
1121
27589
98776
108333
86978
13069
75041
58817
78316
30667
77408
66126
11555
28700
113671
36848
57879
118230
103030
66486
13511
49349
9235
26464
29536
70023
83315
29994
100921
112325
12343
106586
20026
42013
116319
78062
17272
81693
47860
20542
37283
82430
95131
8663
36746
59530
64019
19022
1328
14621
95984
57109
10491
107315
108957
87860
57939
3585
90378
36036
96575
51640
44205
59332
61980
83342
48661
52792
59512
24097
115223
102710
14392
32891
71205
54714
19209
66305
86079
71687
35495
54976
89446
60159
40670
74436
15880
76691
98219
115789
19734
5830
115729
38090
75586
29736
63846
33734
105196
93280
19246
14779
51371
106318
26947
29122
78815
22241
34474
116587
75376
3267
54332
117872
88571
28485
86387
25702
93314
51222
72570
75809
50723
71791
38480
117363
102433
34433
37509
57495
1447
72996
70439
23401
89212
20829
75765
113577
112800
42127
95950
98488
8879
64504
24647
24410
145
30251
81087
105260
64531
40724
36337
107136
30306
77224
113094
112786
115406
68088
107828
12246
67388
7624
86116
84306
25025
109036
73362
22545
103790
90358
6827
52283
79058
91511
102812
45284
102177
88055
98161
12114
22102
37923
99594
34759
88714
37514
89420
30470
17075
5182
38058
57123
104312
82521
102605
37188
54966
83977
41398
4597
81864
18998
93043
17981
103844
68922
61382
60302
78508
104511
34784
69876
82314
19010
5595
30800
31673
111664
33594
4308
116223
26077
14157
76986
92187
99642
13183
112708
119271
7699
64631
10366
30293
9645
57721
85132
8788
102956
88754
53732
79358
108901
53386
112275
28093
54433
7689
36062
50170
14802
90128
60279
55006
29059
93394
27298
89571
72924
66939
44255
61484
67945
119109
118618
70167
87849
60748
112377
29010
114811
87915
18198
92702
99460
34823
41727
116006
45031
93876
36132
78213
73148
34939
49076
61860
28650
61981
14892
116008
114305
49905
12869
118885
70768
70904
1766
73144
91302
2823
110568
85943
82256
18149
85688
106110
34841
9522
98799
22189
86918
64337
67738
106113
5444
27915
85012
114661
54662
65929
19130
110454
51395
1999
56213
16904
913
4098
92070
36246
47519
97253
78610
88882
86789
39207
23066
63666
114440
82523
59049
8325
66055
44150
112353
32858
28935
65590
2459
70878
50850
84181
21253
117713
69728
90129
48197
61976
26423
71065
106048
13215
6936
68438
79461
26635
21234
38261
38476
70928
58888
24036
39829
114755
22703
46287
90669
17348
108467
15342
107925
78625
108565
71501
106334
102886
38389
53080
16262
104957
59718
42404
91934
93271
15536
49926
111345
6690
66783
75722
43366
5618
99668
39059
30524
21405
20962
2253
39189
47024
101711
103118
56419
8019
39467
89579
36517
67096
108753
117242
35122
72453
104098
59815
73337
36702
45356
35475
22610
66509
57202
22044
93052
18631
52607
30361
83850
94714
28829
31924
19625
17234
109341
2931
17115
103361
99450
115993
34882
21326
73625
10
64357
77673
12601
43794
58201
98256
45717
9191
57111
11765
50183
9490
72818
35786
104770
58728
56355
36512
86462
32665
78427
97095
45296
113428
57618
106246
22611
116743
43424
50710
92487
86780
14898
78215
70285
65341
23515
26668
46483
93851
32093
64767
22781
59356
86305
65271
48411
12184
85694
108551
51146
11542
112897
44104
83186
66652
89762
34027
110834
87862
5442
60346
109346
32051
37754
32943
101021
54929
3344
83597
48164
114521
88617
1420
118108
82115
46538
43152
32652
39138
49922
103351
104173
34836
16570
111540
85980
62129
27882
90712
29224
98704
58253
183
112322
119542
52918
31564
49664
47883
93902
65030
100636
26815
9066
39345
6840
94867
85033
28333
81232
40187
37686
72312
48064
109360
38226
94071
92231
86426
27585
63736
42050
102186
22982
24969
95057
41067
20716
4542
27556
46457
28101
40021
18486
2448
51004
63822
43705
8572
39064
40563
15488
96785
1891
118874
51819
18264
2960
101397
85156
42710
37931
41887
10778
42944
34381
29875
77448
71849
93834
44545
94907
33999
3923
22506
44514
87982
50097
17593
99667
30224
28060
106298
29261
32503
28952
92613
59324
32190
96518
44515
65364
73838
77057
76494
89046
62064
57167
54090
45589
26991
88949
112513
92769
31132
63353
107407
55261
19942
51649
14757
39419
6770
79894
78664
70388
100890
25840
41521
16858
36445
27612
94740
46908
31133
43850
40230
74659
29758
112341
35
77789
57847
15951
55399
48828
101941
43335
86037
37946
33833
95209
30783
27118
21740
56750
83278
64703
29559
89033
111769
70413
89024
89785
55254
84697
89362
118299
76516
6768
97980
58605
5164
60948
41140
78525
88419
