31637
6749
65756
3087
47092
15187
10096
59095
78781
35793
100919
81869
115562
105531
108729
76852
89294
78851
46048
94294
60607
59714
25489
105123
81073
36616
13299
80380
75160
107427
40626
18509
16739
55986
25313
105911
47497
61808
68052
118940
28808
8403
66194
71170
91060
110375
85316
30069
94684
3799
43089
50566
73384
44406
20809
72579
24370
58582
29765
97508
37638
116890
56054
88542
66148
112731
44225
20399
56160
96900
99546
116988
70689
18790
69586
103131
30176
20711
69379
83715
34332
34732
60519
102019
38851
79120
79598
90026
68569
31177
92632
108121
57582
91466
110797
34660
29954
66073
41879
36984
3887
60241
88349
39387
48978
98858
49891
8884
54689
27736
98913
86673
14736
22114
77635
100837
36807
25654
109942
108178
106217
25133
9465
25558
108201
49169
2393
74050
14476
60733
9776
117917
59353
17096
14967
112586
48757
33262
70237
15646
66725
45395
6667
90652
78971
102872
26567
74567
44226
42183
22142
113376
47173
119844
13283
14150
99368
34961
82387
99481
26696
113552
30689
66054
58766
52589
102690
86944
112063
88891
9043
38888
68335
11964
59420
16830
78019
94599
16976
62131
103091
28938
98718
27188
110328
92596
78418
58051
43371
77124
33894
66839
12751
34560
71307
111684
89408
56042
69045
20317
85635
62343
86479
22451
53964
113795
6516
12632
116147
88100
119040
80903
33819
89028
63949
36656
59461
72970
736
94646
91726
86057
25924
92340
34387
72604
11473
117906
84949
90010
12188
79288
50416
33321
70899
43939
102592
96151
86358
38804
67828
75164
84294
19459
87620
114646
35628
17547
28811
115671
66446
5956
16328
52506
29262
14096
47057
68804
53116
117191
94748
58623
110765
86156
36638
44906
14639
119077
44962
65204
109905
115593
56417
8260
44410
23719
88042
48216
43619
118964
44102
35144
6964
107175
107498
11305
72290
16553
86633
91545
61279
102645
47920
6420
104166
76586
14595
110554
51287
40179
35801
82509
40798
9567
74306
56145
114922
118810
39042
66585
2311
44704
80043
73476
97981
7698
63085
26600
42807
25275
112102
42721
70761
107937
29012
7544
50364
110741
109615
100538
33040
38687
