19120
25706
56942
103046
61445
19141
13115
65950
56037
71815
106985
83600
69408
107822
68484
43025
22617
4700
9233
41137
7164
110308
75813
82977
80031
55995
69907
39051
45684
26602
114158
33990
22715
8717
82638
17023
103460
87187
42069
11741
31977
38925
32290
8056
109618
27544
107185
42108
32831
39358
37846
112514
65760
63527
26312
79566
101411
1482
32778
83357
59448
17291
98140
61605
70066
7270
55493
3663
49179
101554
64233
74095
104622
75498
37238
88907
36853
86066
24552
38421
60832
43971
24778
42172
27384
96253
6893
73793
103269
105525
111600
116826
50432
86986
118922
26114
76733
86737
67147
47138
19587
29481
12155
49406
42936
21212
116882
81683
91549
27234
86763
104463
34485
90156
102952
46059
88875
113746
57141
8175
107966
67698
12823
79363
79223
104262
49791
100319
27100
104435
85406
60894
1734
105624
46993
10281
64072
119698
42326
77858
31916
116481
112164
96834
10337
20066
44989
63480
31674
109714
34069
101557
116045
20233
13523
116359
44982
100517
67555
47536
34070
91866
113395
24011
35731
96598
116096
55351
8843
104376
2363
5580
23853
72755
7528
79968
25622
41183
9209
55100
101402
19766
77069
66164
106061
84038
103710
30804
65545
57696
86571
36140
32172
117821
12879
7605
119681
49047
19924
104299
63510
119630
99985
91205
14654
15489
72843
117682
11661
12207
18016
117356
25726
62782
42996
867
96849
89304
57414
88849
36148
108829
69814
24450
76952
12513
9980
26843
100577
51692
106445
34943
61888
97239
46404
65063
71954
71340
93586
7052
115522
33399
46439
22543
60402
12892
84704
101909
51592
118680
115376
75550
97189
57677
95810
29929
62505
15101
18423
105225
1770
46900
90118
31460
74355
3138
56462
36061
57250
12121
52914
88743
57112
57194
81052
116892
116699
28870
105235
20774
114662
30642
15403
62368
81324
68563
21373
4171
63199
93429
55457
91166
27507
105369
70145
53222
89200
25569
87754
79520
8467
43058
60793
13636
43914
27978
1280
108973
8440
105861
94581
22509
74415
37962
82554
100709
93980
75492
41470
3986
98115
43572
29423
34147
16204
78345
99094
63175
9357
105457
111047
69215
92233
5421
20067
26836
99216
50159
99208
66133
31643
118984
764
98930
85934
98189
60234
2799
20672
27570
103766
45720
35318
95627
5901
69790
59312
16016
60678
73553
72206
77276
4355
43891
119278
33254
87340
90138
41409
85281
98820
92088
17977
101180
51341
92322
862
80966
41125
31036
115249
52856
47076
91482
54025
118773
33672
73090
4634
118483
33047
111979
106230
110218
27755
100166
37458
108765
6253
106950
89551
91514
65892
65168
21163
46179
33697
118944
83867
71671
35171
37539
88389
74025
118516
612
86115
107754
93552
7593
48303
12781
31259
77002
100781
424
50109
5517
27420
59513
113821
31256
118165
93718
8431
32685
15658
89460
25580
28162
99707
38952
842
106754
1313
78730
35358
73223
110863
114664
17839
42081
39843
18001
76469
52923
42549
3443
9900
90261
60487
46516
15751
38298
63926
110681
25472
64849
107383
36537
39817
62710
23157
69901
94409
53230
110673
22059
114858
42434
62530
71817
9213
93755
47039
118056
118096
96290
15947
2102
90990
24922
67628
48701
47175
92914
101666
24335
118767
40846
89980
40865
109640
69893
106251
92884
101536
75987
16602
76734
90131
65098
53303
65435
73342
78
71515
1724
103549
39389
104041
52954
114695
20256
27056
48004
38949
12586
14641
106181
71187
88072
67802
107034
90844
21877
35183
67705
3975
26629
109503
33817
116485
17523
20505
22366
38053
107211
13027
117904
96078
83465
65469
75286
14199
31621
117256
90935
59851
53677
63992
14366
91570
17613
33348
85872
67229
92714
11151
1105
46674
635
42867
2537
111237
11037
105506
19285
107788
20666
33361
31755
107287
44767
69294
77402
1374
106324
118307
27773
20665
83349
1036
50149
43113
16931
44049
94882
119009
87994
2349
104073
75740
27636
20190
117783
86787
17747
19441
76634
85690
4332
93402
99994
23927
41966
109906
80250
11346
101709
86137
75105
118911
106188
106805
74561
10617
36777
17452
86578
24201
61190
111795
102057
88808
17042
96355
76195
117100
80197
2738
6622
6142
59615
34179
71876
44930
81974
50276
37343
26302
50805
46369
25266
69279
78887
61729
74335
49389
48013
90391
29584
109296
59950
60890
80428
52795
79703
55917
24405
102144
7633
53806
12935
33694
60119
61565
118750
99447
28091
37434
109161
3277
23657
112347
38808
37548
12717
90294
77717
92990
61354
67148
63931
10195
6777
8138
94186
79931
113684
19102
34591
981
82122
3917
79083
99886
107057
98461
118202
61059
54886
83773
83147
93934
94168
57173
3017
74776
17228
26768
103820
22579
4492
45087
12671
701
78559
92336
76589
53395
92895
30181
58884
92740
107040
2068
65503
19927
18438
107611
47685
57774
2887
1080
98483
37215
49570
99416
40108
12662
53825
117803
19607
31718
106411
52134
112466
72182
105698
91486
81211
31302
19439
59812
12622
119706
12941
110473
70936
66162
33566
31464
23952
38980
73083
51124
57705
67186
51869
109885
69290
16258
3541
79529
49296
103837
28707
33120
66386
2161
54189
80982
67942
15053
60827
16173
116296
3234
110536
27407
63279
103193
11733
86021
111787
75108
76463
61791
91179
104809
38387
63495
101146
36787
85474
46793
34353
51088
117377
58460
31850
8647
32464
48028
65440
113429
103970
77788
10894
64539
81024
13112
40231
9460
12706
26433
48215
46522
79177
92047
98586
16676
109673
16384
84996
31416
100849
50056
114525
54766
70794
99918
46218
30916
50001
80436
16782
44269
72633
44683
16269
11811
46399
21066
6098
22415
54105
2205
90600
58400
103953
116161
4650
25300
48609
104615
113561
41669
86697
108602
18316
42623
95665
92595
109767
22699
39978
90455
79019
89510
48577
42677
92314
38145
39357
22680
46467
53512
103632
50570
81716
12792
79691
29419
6408
73814
98990
34315
20098
82478
115512
34880
11115
81530
114318
50946
53820
38712
53941
43319
3090
24320
114555
55544
51354
70754
51008
103277
4810
17368
22244
109932
17082
60004
13995
32277
105301
4201
63714
95785
112267
114323
76376
58773
85609
22264
115427
24834
8261
72860
68573
99839
485
18798
112773
27418
35400
21407
65556
20199
9062
86847
66072
90969
25394
1648
9089
113197
109823
7615
79251
115077
74802
115879
58950
75662
14784
111891
80078
33219
35179
52408
24503
78499
27164
48378
107375
96162
16359
111954
94909
43541
94316
7860
7584
85890
70538
38844
43012
2297
89693
39993
101199
119702
22531
90187
82989
82196
12448
88697
39822
92184
5089
41486
54117
95029
81491
9987
117380
82116
67290
55187
95716
87932
814
79157
12249
28939
50853
94643
42357
52200
2844
109659
2681
110979
58289
33467
10762
13356
44554
22392
99871
79410
112327
73739
61469
44585
40413
82830
97224
2917
35061
100026
70188
23804
71027
12953
94190
69892
104009
16364
8144
15353
89610
30412
111464
