27461
56063
8243
39471
17711
23916
117010
86328
71645
99873
103238
92738
106358
13296
59699
31982
18230
115507
72211
69734
53902
65128
59775
107347
2592
26808
83159
88062
13934
35156
10966
49396
39532
17776
20646
70323
19175
97644
100140
95005
30301
36091
18377
68010
72500
44250
37392
109466
33798
59616
9217
114223
67876
99453
88755
33978
48093
106272
74596
12247
78002
24956
52863
37293
108401
115977
81686
79550
13154
83101
22143
87899
68584
53158
43027
14525
53543
63221
29742
55456
28098
7325
86292
94418
70143
108202
25885
70155
65267
2616
40693
68655
107094
80089
23938
22897
87804
105687
33791
45364
104087
80696
103270
119486
79534
112220
114426
33730
68515
72323
50138
8955
42757
79893
40848
56868
112274
9126
77454
6792
6466
110484
38242
37486
99860
111753
66953
74609
52694
70211
49652
5405
26571
31316
5241
58920
5558
67601
98113
37606
34734
17646
27860
25185
102176
8854
13932
15118
94703
47040
77247
85245
83386
73679
41749
60203
4532
88723
15450
15013
40944
65562
71497
49490
110388
36227
12306
21816
54110
85643
26428
76426
34749
76789
112595
115624
111356
110389
3872
49033
96019
95430
52625
61080
24510
39232
42870
57848
37320
3332
49631
29349
12503
94549
31201
102500
24081
52311
50508
80392
19564
25225
102784
78914
69981
117514
26794
52199
1413
395
33412
58631
46759
30376
64308
69157
39121
21220
59824
1012
102641
44898
46001
88740
3579
116193
73651
116749
15935
56324
76741
80199
26121
9201
74297
55509
80418
58295
119487
4807
91566
47003
30766
79887
39630
21574
55295
30247
21822
107853
116130
99389
50163
73990
71769
100396
99757
31068
115045
83202
34838
81936
88931
62882
475
2787
53565
51135
38000
24123
48459
78642
97605
70362
95038
84597
1302
3825
65908
58829
776
29733
21065
32963
59376
99459
5513
48276
106225
51163
82185
90371
118338
44318
34101
98448
54354
103509
67903
47169
51490
4085
29386
15760
35674
26517
186
20901
104363
109556
37979
86919
17220
35340
64197
11126
87444
40069
57564
73779
10845
90534
71680
101343
104563
11785
53988
14277
110343
2742
68753
87053
36379
116722
43644
103136
65160
74696
100840
49394
84583
10229
114021
22952
86700
103365
60105
114537
84777
58665
48091
110475
119714
91827
87830
71061
16096
82283
48446
57681
9595
52082
107758
81988
84332
99863
70445
82799
24719
113329
13621
67300
81814
85270
6454
22607
379
59455
53108
17136
111909
34809
25130
92661
39406
38874
79141
41421
94928
65840
25678
86570
102889
68832
103147
64834
43708
76994
89592
36536
20851
53502
53693
27390
85511
33074
99705
99626
53501
118771
56550
77805
386
81760
66384
53518
43760
84242
82072
106369
98392
44303
97667
117846
94093
35813
4484
85548
21803
104378
69697
62733
77674
84141
14777
25174
18866
12620
15717
15764
93666
76117
1517
68897
87974
62754
61124
5116
52395
55760
34471
30128
54908
13854
102927
23481
85899
114046
78646
103712
83930
11390
69995
9416
81383
24448
114274
17020
2370
91695
71728
95367
104815
118913
62335
76327
14983
91893
18339
29032
45752
115583
95281
90590
8015
27473
28535
45477
119297
107191
69771
51326
74135
49784
8990
98907
35959
112791
90171
88232
62533
326
2019
54685
59802
40966
57502
95748
41176
67013
118783
43776
60282
79096
71031
68154
47492
73963
66925
42945
69291
78448
73615
104683
76289
29389
64688
23531
20016
118387
104706
39041
38062
72575
117345
23240
86348
83562
79934
62629
59472
45838
72330
12309
4920
69983
104440
55437
71900
18931
54565
12648
102873
114730
117111
937
30283
39642
117820
113925
53560
10705
41977
36224
19463
64267
76654
41985
51613
108837
113799
8478
86715
41209
37416
43111
65391
87961
73818
58328
116701
106986
118342
89353
108549
115323
85255
64613
49012
110932
101885
22845
46321
70230
105491
80919
17774
46631
19254
46169
2168
30894
9839
85383
10023
65003
7046
102835
70792
97063
54020
87991
83874
22886
49196
40615
847
33615
26788
44824
97245
97803
73642
6924
94589
54720
10661
102794
54256
52346
80371
94707
13345
3002
51491
117076
79240
91898
96889
55686
43263
16464
43796
102513
22657
26329
94597
583
23425
47634
73165
41795
23169
95517
84852
41127
78844
26205
77343
113055
115166
27498
73891
75844
47941
87813
43297
15135
6728
102745
33562
15937
84444
100946
37396
87877
32788
115078
64893
101490
15143
14161
31176
113507
46089
46727
91833
30010
103023
81652
32115
119595
54871
111200
89054
103758
86480
102693
13839
91230
75330
21261
36415
57633
6884
86607
59345
15754
43024
22976
94577
111741
109426
116332
26462
32246
14751
30422
68229
98517
49326
11543
31067
118211
55966
64916
50702
5310
19436
63469
36002
24795
21768
91063
25675
7374
117865
110466
62743
14037
45149
81131
97392
36106
52080
114004
102401
115684
52947
25740
32944
68593
91977
77281
55325
5413
19397
49794
69918
48343
77721
77539
59002
91391
101804
90787
72226
106704
18734
81327
40521
115945
95847
70137
47953
119440
115689
99358
3548
62786
92300
88528
12951
40625
9018
72561
44432
29874
89343
22876
48997
39114
24267
67733
70987
5860
99577
31136
724
18160
41996
10551
80180
58479
6008
18877
94355
110143
55596
97861
93687
51402
107134
71512
23311
10979
25406
117744
107695
65568
26304
19715
92163
87184
26335
23828
95237
111382
11809
47093
77355
40651
36087
61657
17989
97056
61770
22174
17121
68228
110338
95619
103160
64429
88386
65789
11341
36826
97100
71607
39122
59112
6530
112840
46028
110057
65336
85588
98035
99572
33809
87193
90389
24748
5822
61969
35089
72134
116661
88607
52626
59139
25992
52698
65705
114351
46438
66526
88519
24814
101434
88724
3317
49991
84370
115722
89114
1992
63686
107150
2509
6708
86225
9236
60624
11139
55847
16847
40220
87274
61352
46098
76336
82526
109802
91889
84738
45101
73378
116919
74712
96572
43133
33986
5324
63578
46617
90402
11003
83509
63389
3668
61423
55272
105973
30164
65741
8528
56728
33076
51052
46605
41664
64180
4427
97745
29829
9443
16267
29369
75035
117934
9076
71490
108472
747
56522
53224
76077
24398
40226
14240
77594
19156
41711
109256
3053
57970
8110
112551
22903
14126
42738
114443
87625
22090
91363
59004
10332
85667
19317
