118734
84030
42195
4402
65831
37147
55183
46015
15368
47899
82597
102824
118713
96397
25773
21783
7830
98623
59640
96510
28662
64473
33982
53207
36821
33446
65093
45817
64794
92189
61138
101771
111046
27460
41225
86412
78313
92992
98289
53663
35110
108368
46478
109845
39818
12636
54490
71452
74854
41779
109272
19692
96429
24457
69665
67492
23553
27319
103754
82183
104808
86000
113872
64748
100528
95689
11367
89529
103031
112543
98388
110970
64692
66851
90668
32675
115638
67455
4886
109844
86797
17519
40830
13908
17575
82590
70697
20791
44068
113502
22999
24270
55776
42212
97411
24553
94915
66418
13732
56137
87524
67385
51540
64376
60540
3556
47505
100969
15077
9072
98595
34944
37927
62844
49250
112701
39465
115143
41390
24086
36567
97307
24338
98417
968
13405
90253
92685
88124
89465
25999
61141
1773
12678
66565
11215
56664
60179
52640
60988
96667
60963
64032
44375
89945
45414
58188
19410
68156
81260
44601
32563
110725
16658
117777
18926
64817
29711
6356
106007
2859
103640
27040
29752
15740
80524
91655
71225
75232
40419
110748
24272
77962
21678
9445
42611
115712
67926
98047
49003
77531
81448
93274
48350
18580
43735
36070
30973
119323
64973
82718
90330
119369
71110
63795
117296
38460
34782
18491
61196
6738
14704
75849
26730
24641
88246
43906
117663
44998
111628
113220
12734
34932
12926
59298
115530
25957
44667
20906
23708
75953
74865
70812
97928
947
65823
90210
80779
76189
53664
41107
7517
99355
44845
71478
110229
100449
34543
63103
106901
26512
62666
73173
43937
87135
68971
92472
44270
110043
3694
71384
52937
1506
5677
95456
54494
37562
49984
64168
118555
76807
36255
45952
17257
115709
46106
70115
59799
117255
62641
66736
12316
49284
80200
95472
73024
13009
55016
33454
100049
74732
18601
54833
44544
58992
40744
15258
68603
34280
47984
7094
117775
42492
74650
119504
119053
88414
9316
69574
11059
22141
25597
73130
11701
113357
34574
49017
101460
87454
5091
72590
9754
74066
44695
94833
5200
23511
26660
14808
18097
4744
96387
53024
44229
5170
25774
30296
67714
92224
53039
114774
38963
23520
5833
15913
30768
58013
32279
113565
18233
107049
104868
61333
16768
367
4269
60368
35429
10558
66720
22423
117005
85319
98006
18912
12954
115263
89295
117836
66551
7884
41531
101608
23162
100172
80239
109406
108927
5166
64956
52610
52500
108309
90442
45275
107479
117362
31392
87388
72046
60423
89663
40872
104445
9190
45644
87204
25237
6418
100258
104662
75061
81223
25175
112582
108304
76797
59603
116753
107037
115757
71681
43645
2920
118683
2953
27131
61792
41763
87785
54334
21399
58538
95052
112471
76185
66302
49046
97343
105711
27010
40110
111465
1708
69110
29871
99648
51433
38347
52724
90871
104476
108972
80959
82783
75481
77058
100057
76524
90153
105867
40301
105832
91910
35385
117088
59074
38276
119186
9211
109480
57956
68224
101872
85624
1284
108741
99274
95342
43119
111315
81513
36135
42914
84699
100892
103213
76242
108524
93316
118910
100372
36243
79553
19945
56502
28150
33035
51717
61533
40412
24986
34071
36582
71990
40675
49826
19774
22664
85446
112178
10807
19154
41010
848
52006
49830
96088
48256
68034
103333
23032
93921
109789
71488
98106
7220
86630
103589
36022
13843
104873
27482
47448
100105
101906
45347
63063
115038
69059
1069
60697
70771
72593
66759
73870
32578
50831
112118
95866
282
42895
89255
51680
105745
82209
70706
5236
93785
92179
13233
117589
51615
37757
44746
52995
2935
705
93850
34362
81028
99128
10606
51727
108721
56416
59398
25937
62315
52797
86302
