83371
107633
3453
70496
101774
84259
114321
66339
61475
18591
93109
70049
16011
39935
91158
23221
53960
11568
40496
35597
41388
21409
3641
9808
33587
58070
50603
49260
77926
29548
17746
88095
74210
65441
37306
118623
21402
108227
117805
92249
17944
99463
5896
91682
39384
27439
50666
76445
106393
114581
4178
94896
88999
29788
31774
54333
20076
67539
58683
22808
15397
5584
81400
80190
74964
40168
76587
52838
72457
10142
112873
62670
118789
72003
8297
1814
54125
3064
13048
62177
38362
7723
2464
87821
70095
83256
119085
114498
29004
78776
28661
78545
37851
102840
48389
100276
88775
105448
109984
60933
46163
95566
2367
102576
55608
99984
54830
12572
117880
116492
31686
98963
13145
8224
17161
61515
78155
90009
31614
76624
53989
1625
83601
67626
42702
114118
18892
117002
101451
57519
5502
46738
84384
50575
17614
11824
33501
85465
44020
87365
92223
50451
75118
109828
87714
108509
59363
107032
115901
48549
48810
100809
62662
36315
12159
63503
74718
6624
76115
110573
45982
58490
60842
19267
54089
36431
86743
113839
114113
39261
26759
13869
95072
20487
80029
56407
56592
108294
47208
56181
36524
101573
84973
19255
38832
38602
108374
104350
88639
43762
12760
81462
64335
45575
80159
49068
19331
115488
50092
23684
88569
25500
25930
75744
111596
99906
17391
58046
52643
103127
41969
14439
75875
47468
46070
44237
106589
98496
37933
54726
78233
98562
67221
30044
52700
104174
36145
110161
26828
29704
13336
3392
4409
29698
85328
51385
87225
112037
118480
50096
15806
15046
3993
87389
85820
31104
80101
83321
75311
92799
58668
58442
57291
65189
18596
67986
53393
99941
102981
113246
80223
38400
84683
67477
71152
91615
61663
14753
80379
81875
86439
50849
7931
11360
69743
32305
118080
108321
77572
7885
85741
8551
101224
103497
20729
42815
56128
20423
81753
37062
96638
60528
36072
67717
17430
91660
102089
72462
13050
49380
67105
59131
3478
83869
64255
29792
63700
32649
73816
110030
101446
90384
72264
65346
83534
108503
116714
52728
49321
50882
108077
5619
76177
93278
44956
5903
37409
103821
114302
33216
83499
37718
50475
37340
105889
29055
35600
50157
50803
90020
81004
97391
29762
21295
113175
111144
4705
36323
59103
26515
6165
25051
106764
88188
118914
93410
119015
31269
41820
50268
91641
53939
116910
54219
50358
53572
82985
24983
73307
48630
68498
60167
94865
9654
15098
97338
32730
74084
81011
34915
67114
29283
56470
44260
111239
10590
104311
4671
98645
116758
1312
25814
47640
42174
101854
50987
61940
35691
15563
46310
1159
9859
36099
59055
114712
103524
62299
113203
28182
66760
15712
80892
74768
19645
13806
111462
22137
18618
58610
56545
48282
31441
26714
68728
53861
32363
113365
71188
91455
112866
98666
81615
86658
93680
91769
68120
72981
16704
83695
103819
114082
75578
67992
31418
36483
18630
25960
58599
28444
97989
10331
16521
30014
81422
102228
15110
25910
88561
5678
8601
113130
738
5006
38220
102499
25140
33553
53314
91057
100901
69841
66700
117321
3997
51581
49101
31335
25920
115863
116811
12593
78524
109564
41039
68421
14600
69551
224
60847
19768
79724
53326
4858
26123
8591
63874
72218
5747
79983
117661
79395
14527
113825
70280
51351
63508
1607
51743
104687
69265
31857
117251
80090
113224
4630
72286
40320
17295
106929
33780
57893
83598
113292
45938
49943
78771
40203
32798
118356
43569
24041
116582
17859
88626
90077
10515
47340
90172
68246
22375
62181
14552
106571
60092
115652
103685
93214
28588
3474
57120
44484
94112
15093
115096
19806
38293
38854
65640
27489
67064
81702
31379
21316
119481
58395
102146
46515
46597
82739
70536
50887
36047
11352
95074
84936
28117
101452
54975
12007
80077
81166
58270
100869
47805
29282
59662
64815
114140
99471
20277
