70972
62027
29289
9638
115584
92843
36595
92045
104942
29988
52502
32226
57772
20211
14252
75293
13814
106395
101216
3708
65512
106371
77259
97125
85775
38114
33070
101768
87190
39262
63760
10424
43738
21654
86651
2450
81668
37206
19841
90593
34406
101932
33209
74870
66422
48127
32329
59394
42407
22654
19595
50285
38294
5270
110045
5648
65205
57489
99063
37057
45835
72852
83185
86662
84773
91195
66063
83875
28602
76768
13325
17409
81332
112979
15493
74789
114542
16887
93060
44953
32696
33646
22883
107217
88788
27417
37482
88939
33368
100789
13702
32704
101061
37970
107660
79145
11646
106163
84235
78231
40511
84651
18255
107635
97602
109755
119033
3689
76088
903
96727
102754
912
95217
78284
15814
97958
23373
106582
12920
36671
17384
9216
66995
110961
45765
70324
2795
52348
118787
110912
71315
54986
65471
13522
99563
102804
59635
31022
116326
52691
39148
13111
8694
30816
9586
74179
104249
8280
25334
66499
35353
316
11552
8366
105339
53666
79440
4979
5794
68435
24920
4304
2212
41194
35843
61073
21704
74184
86227
42234
85122
110359
69480
67982
2825
115121
91133
26617
71632
102299
5521
111245
66641
53121
51718
117318
112881
59694
17000
83352
51785
33865
49603
9647
18886
82652
100728
86613
46217
57783
63071
33831
17786
33045
66950
63901
5981
110701
90398
71259
87011
40907
13589
11943
119535
53991
78764
93159
97817
107220
114837
67015
77008
3143
1128
97633
53379
68131
26581
93623
99988
69361
47081
69764
61546
46919
42576
40286
119128
26172
42974
46004
86012
23106
42008
22681
117782
2613
109667
111982
22363
103889
6074
47521
77320
20998
114225
87445
59173
33618
34346
3672
4209
25853
70614
108647
110660
79930
18722
73344
50457
101846
85595
109493
80680
59864
34919
117479
10988
26949
104665
26503
483
18566
86429
91616
52141
42770
5122
62420
101261
67140
47277
50212
99754
74873
11064
106943
102527
28865
96974
35398
88307
66424
93517
113557
60246
17432
16690
99427
51015
65600
64093
81187
103258
34024
98310
19918
74013
29066
103072
21263
36251
75736
68185
103590
28015
118776
58919
58926
98480
115461
36766
54199
45172
75168
45930
47207
99104
36798
14446
65017
74855
99112
97263
6800
77083
99273
94222
60260
17587
19617
7548
38644
56775
102272
15149
909
38964
69066
71047
89920
115088
66731
25411
86284
93778
46838
82132
44735
87733
95804
65050
66965
103170
70715
92331
30267
102249
95601
1754
105292
119785
104212
38466
57541
43329
103503
79721
110187
46348
88828
65179
115699
33944
70341
24039
29684
72751
27782
105997
61058
67344
119948
50411
55799
99340
84542
11471
44623
94804
81415
21022
67479
21165
103553
119355
80233
26456
52027
75630
101418
30952
31487
76966
86059
13588
27508
77177
37987
94042
40267
29424
53195
84580
95042
91733
78480
91405
87257
67359
3595
18129
101669
66482
76657
29473
14783
40729
82338
30417
67076
119728
26778
84417
63749
15227
99
50610
97331
96644
2172
76109
81202
99050
95440
502
49290
99842
47255
12616
40450
62023
103223
31351
74822
49608
88464
64996
23691
15272
63751
43628
111348
42657
111790
95641
40720
111240
83983
17629
113449
14005
82618
14456
94726
92370
36967
5386
87188
16734
71743
10501
75538
26722
94453
48174
42019
72448
33208
23973
112094
38921
91603
82862
10514
43727
15537
31250
22561
52621
1592
63798
119671
100393
50131
62437
25913
74299
29666
107521
54371
109530
6713
59447
19637
8027
28260
69251
110703
2722
62527
89194
111373
14495
54142
108613
43247
23510
43154
106377
18048
85713
46244
89735
74473
49411
7426
117091
78721
60566
74285
114387
117595
41824
116741
66033
41071
88480
91840
58544
31328
103855
116402
25401
92686
51965
30100
94247
118921
84703
32587
112061
33816
109748
13568
119148
118878
1558
26875
84833
90927
3162
98011
93074
40361
104686
55794
46982
20154
22843
18920
20604
86044
37102
112596
45948
35371
12422
30134
114308
81107
87118
17559
94801
25380
69738
76024
49034
22417
75300
17640
77022
7831
71935
87647
53102
37833
25428
91864
91571
81521
4773
13188
30236
93932
116567
41777
5474
19623
25120
58959
45071
109917
32640
70709
73852
46511
68590
87576
22535
46804
5363
50446
87870
513
105691
80153
10059
100487
96110
40819
52921
20698
69847
108164
77431
5885
65754
97946
56473
58171
116982
109288
50787
66870
85291
32817
63640
111702
113134
16804
114523
83557
38533
36400
61145
80161
38427
111109
51277
108571
107804
39323
37967
62861
7342
7910
38338
56627
34021
31691
76409
90377
30430
75965
44178
39612
117576
104881
12948
52124
45098
26250
76784
87066
4583
82539
90190
67358
89044
86268
33476
18767
84413
72076
12764
87596
59564
32644
20238
111508
52476
50757
4675
114822
114983
88012
72151
32458
4055
26962
84976
56391
82674
71642
36617
70833
49023
99195
94598
91313
28476
77515
119882
74400
39412
98061
81624
73961
328
13196
74668
104534
86210
118527
61164
58036
22203
72911
44289
107541
92906
40167
85752
76204
16280
17504
23090
98355
17208
42930
28180
56332
81436
88896
39850
91192
47071
65575
59365
109415
104252
39519
36789
84962
97419
29240
82891
109617
50064
96635
6746
59468
84224
108367
96910
106474
34587
21761
59942
61209
111098
84148
81331
86190
39864
83205
