78682
8534
13304
10786
90401
102543
9228
114620
50236
2502
47972
63158
25302
45190
18988
59780
37295
102850
60341
23861
45647
34758
88956
33389
33153
13374
20761
38484
17533
71890
80822
66535
60546
3812
91966
56101
84145
86974
95878
65891
26471
27695
63908
93772
49683
102924
21644
59213
47196
92896
9275
95119
10524
92564
106948
48765
95183
5356
56094
16890
56202
112189
58601
14397
85201
77830
77305
107838
7422
62401
60906
75397
2780
22857
16946
98465
69248
33623
82257
84922
107996
64363
74948
89070
70746
3211
113142
44887
86216
62303
60343
116237
81384
94652
41829
38454
88339
87180
93978
7855
106879
67614
92073
109888
23775
98351
44314
87419
56365
12399
3494
13170
15290
77366
116614
8718
51089
22686
32764
94393
71886
106080
31330
10477
79167
48555
81523
49095
53633
2400
111053
51958
21727
43634
117289
119314
18448
49311
57596
42245
76499
96879
95773
63983
20894
84404
10602
29605
57583
50047
90811
81272
80997
9115
28507
40984
80983
95480
2969
24504
82471
9389
83035
24690
49459
53811
57951
83755
4459
56262
98477
106663
73860
23135
5007
63696
5527
105821
62830
100758
111417
22427
84178
68434
87504
69856
115805
101211
42863
76837
76222
73781
76565
7917
47454
86151
57046
73455
97168
46347
42004
102330
21151
89112
79237
103404
109834
82613
117738
95191
17134
106421
22055
10373
103152
29173
106793
96768
20889
50132
86973
4928
74425
113857
115673
32549
24879
83741
39221
32197
94970
34031
114960
93915
71982
91096
55586
75264
88816
8350
32315
82465
14725
107743
41447
2801
42225
64727
28259
22030
91366
17055
40946
50145
53659
113926
85650
26977
78467
78094
16576
17447
96073
67848
96800
85862
106619
9636
75310
49385
61118
28330
102457
110861
14868
63342
67081
69950
98580
21796
100658
86668
49450
3919
62116
95233
32091
31279
8780
6503
9873
86948
58105
34860
79245
13505
65736
81188
102941
38475
117228
61264
107497
84604
33015
93308
27718
98552
15461
17321
88351
37003
22331
4533
49096
110910
77949
18201
103767
55407
32414
14053
91967
78157
88485
43457
84136
21769
42728
117824
65130
57508
32722
30207
100731
103776
87739
28568
62396
92988
97324
47777
119072
39813
70553
68830
111075
100297
5135
112855
74463
57443
65060
64419
51523
8979
74949
69362
91862
22738
66273
5438
84754
27709
67101
102893
93859
33411
17455
22297
119178
66934
82126
50907
68557
88513
35075
25772
2666
94331
61268
36515
69254
33405
27672
117369
77152
4452
48588
60652
58933
86125
50810
22287
55415
102955
62035
73638
108978
106021
61708
106356
29104
91143
107473
54084
67381
14391
111322
46227
35492
6798
101930
33144
119363
119055
87902
83542
70195
5165
64025
25001
114638
3415
9100
39293
55024
89067
24157
94144
77619
65070
75904
41026
111063
42655
44412
64331
104981
7110
60073
74275
15133
8353
7077
6640
7004
102067
39836
68592
97104
86142
19563
82809
90713
55865
95174
41517
58066
53818
58946
18980
6354
108537
81316
54236
52539
34129
98708
87417
52930
71132
35267
82872
7543
92909
11797
80782
96850
90089
90437
25881
37210
23813
25587
34639
74367
61479
6866
96439
53836
39433
34268
45357
95942
107755
76504
45366
32952
89896
6638
27375
65728
50701
60530
58186
35446
9046
30670
68423
73239
12322
93143
13014
65195
57769
100061
80899
66922
63309
92756
63857
92583
74480
79900
67969
8421
40583
76889
2158
81015
10314
55588
51027
29207
57208
8911
111896
83506
109158
52276
47679
98731
76120
100959
104642
44631
78064
64125
88427
59151
116710
116168
66035
25413
55716
73988
66613
14614
80494
97024
98817
77136
106111
59471
11570
22316
5367
65111
71451
34625
5055
89307
57129
68320
78170
27496
34292
46606
87735
110819
93788
89532
62218
11444
116440
35003
96715
42452
54722
41150
105709
91014
50121
81919
51021
39709
102117
35038
98080
91422
8606
84393
8232
39544
12557
107078
2365
80714
92252
96513
56191
5478
82097
20822
118106
74845
13271
102897
54569
55831
48322
53184
100416
45340
60335
38882
93535
33600
81191
26824
88559
88396
67456
45991
27982
54962
39252
14218
58419
92743
11981
114687
31503
2404
68235
118049
20703
3067
47006
26104
75051
66623
89098
95499
103615
64608
29648
87963
21319
20358
111116
71556
60590
11550
60559
35034
35845
57565
94287
74363
22570
32016
56669
97207
1769
4418
105942
43449
13107
12395
24866
98363
31680
32208
22891
83429
19337
18369
99290
111216
91094
8216
81236
116877
109793
20126
55286
104429
105976
84345
35972
54873
86956
110376
67525
20695
15341
100313
24438
10572
101186
21562
61195
85686
7292
59644
46195
84048
118952
91807
70586
25033
62146
100003
46671
25741
48302
22503
87392
14104
97520
44779
98216
27997
88769
96670
89289
40650
10487
70156
66184
12330
101675
17242
95061
28736
107492
88998
41013
82147
62714
119120
95755
16737
6088
56884
94150
118777
97884
118171
13135
10347
81444
105206
78498
22272
43194
86869
42748
74825
97577
17777
116371
75172
21160
70282
16549
38996
31293
108553
66102
117431
22783
12261
77188
34580
24617
101694
117116
31834
32898
31465
101949
92011
92256
78197
107186
81863
108543
18059
60686
82441
80405
13432
50057
82155
46655
114870
53864
64436
48640
19535
86248
105392
18318
97451
101825
84221
38004
60964
51587
8236
8690
110177
50758
63734
54503
81952
34924
43454
79074
97004
91462
88567
74606
110609
117006
104031
26929
28429
52651
11780
67389
42689
72452
42446
82244
6761
87967
3508
4281
77466
50742
10146
116576
38383
54519
42124
33702
69127
40260
61029
51652
98165
72430
42857
2111
20356
28434
672
63498
13445
50775
27149
108779
25611
35382
108187
38118
80942
55319
63837
18675
68198
15331
103001
115966
28297
33165
42587
87402
64405
54921
91677
26237
9746
103335
35011
42852
80610
3686
26400
41488
82782
45262
110551
109229
119673
33929
20141
42978
94107
4945
103963
1791
1144
90550
560
89684
12703
29064
111349
15975
36216
74130
65796
78063
6789
94228
22467
26235
9332
83965
7291
89108
69678
90144
37784
29908
114566
24761
89814
25060
603
40247
23776
54817
65814
89409
9569
61372
114708
20282
87947
91546
52531
71396
86443
285
52568
87483
52940
74023
2653
79087
16065
79263
83267
30681
9993
69663
24964
116552
29363
111355
86085
77345
85472
12244
106355
75804
97078
68522
115696
31471
6951
78283
103656
60811
38550
50673
30868
57826
66014
25975
51376
99153
43078
30093
90394
16360
43898
18900
36009
39033
69949
8550
107293
11429
108225
56290
29836
9550
16838
17204
29169
27215
108536
255
93134
114720
3475
105597
58277
101154
