55435
30950
65446
28804
41174
119873
61665
54292
22497
91383
34573
99344
51871
89192
104112
66666
6108
81671
47501
62498
113571
67327
50892
82052
8089
63615
34065
83027
113971
8087
84469
100697
95312
115920
31510
29564
38940
29334
4612
101008
25199
50677
16071
45598
39060
59413
31570
72454
8654
32905
15849
48355
77204
105050
108459
41538
53608
39632
53103
44851
26772
6419
60384
65572
58962
25356
38098
39411
2733
104265
24484
35418
72820
51858
72313
43277
12944
115298
23343
81666
86343
77025
73630
88798
7365
8593
48095
42714
34212
48444
93524
33814
41371
97549
28156
38769
114415
69458
29660
22284
107675
462
68577
50395
44744
50973
90654
37108
5139
55874
66968
82568
25947
58174
89466
8270
112147
45945
32125
118861
85566
103894
10489
92170
114714
45596
6720
36261
92765
2098
83054
56366
1566
41314
100720
118622
111534
58998
24501
62111
85841
32621
39040
118828
48784
59656
36191
33391
62457
101131
103464
16153
13590
853
97046
65285
114283
16209
56847
80483
15515
102947
104989
95360
14379
54159
116322
80575
50913
58944
90904
57499
12307
71080
27173
30326
86231
70560
108462
3283
58917
106179
106362
23236
100257
22225
63275
76099
41179
78277
70634
7
64873
52495
72029
84189
11532
83084
3990
104062
81342
46190
12222
68222
101886
72513
97708
76338
37857
3199
56342
1186
88234
84631
39652
42435
85052
19470
52488
58836
28537
66770
48919
88289
91291
20033
48171
111451
88938
101337
91335
66831
86884
67526
107757
86775
99692
47437
59600
89372
35288
22716
23265
93647
101742
87306
41464
58519
104074
70897
107514
73210
549
39566
81341
11127
6318
31501
84840
70182
38511
15220
26747
41849
112484
113623
33206
103454
49869
89128
66160
21357
89796
81079
27490
46634
35270
119139
38579
96083
50249
36229
64924
111085
22589
15779
72993
27036
19138
117936
12039
47409
67047
63557
100882
95874
4931
63132
79965
105286
5207
60188
101260
67697
98926
114457
117193
67111
96382
104848
113483
67632
40619
98330
42332
24928
107846
106267
23558
42784
75365
41220
75520
14257
64832
8412
1812
108139
66322
113085
43167
25096
117686
73918
78042
25105
12600
72306
62701
71111
40881
80292
117818
115817
59336
117222
105866
80958
79053
40040
63064
53491
40204
32070
118993
64384
91011
56364
74741
96435
41366
59796
100775
118398
117332
29953
61907
37317
105601
57957
66314
20848
100676
39301
23215
97241
35206
103618
47728
15094
67858
118966
34063
60085
89155
59809
33030
23282
46722
115426
16212
95051
90451
3902
803
23533
50061
24654
111333
108007
90720
119772
88156
61096
97082
44506
62707
108036
94924
106359
79973
26098
29159
60926
101879
61076
111250
15572
97059
80784
52681
52600
56069
65145
76753
116054
10907
115068
19457
110036
12900
30576
52328
52704
107785
81434
18638
76780
65626
59379
11770
76011
50797
105772
21572
60660
32058
45157
31266
21566
62839
34344
22308
114453
33797
56429
67285
40683
24577
48208
45742
113540
57197
115477
39884
117240
114857
84684
42278
108915
62544
75560
2386
75610
58887
46025
11946
43129
117704
104836
79555
80981
29071
32157
44966
75336
111502
86005
74751
67434
89829
28561
80572
19200
108528
14864
21436
71160
89773
70826
88221
65726
102987
104374
82699
12157
26415
12152
94199
10141
11297
56178
60867
54718
78132
42087
84405
30302
20468
58073
104800
107072
113455
101915
51931
17628
15789
95368
107927
103695
37573
9700
94875
61526
68437
19989
106921
86548
105776
44518
102974
88980
30246
15663
3159
16882
116015
95086
94258
47660
14226
33943
20936
43361
33034
9068
46273
51600
86794
40817
55671
56962
40024
5011
30322
25781
43532
12217
92923
85427
57406
113868
104189
66803
92579
46765
118461
4625
70233
14520
98458
111385
81773
66889
68453
98485
105539
54083
19605
77455
99312
87584
54052
33736
65949
86586
34963
5479
27565
20658
6145
73066
117551
103795
3814
113237
54802
43026
12558
63876
29634
57824
6509
70339
58867
19852
18458
41405
16809
57278
7478
92971
119075
31785
8339
1716
8978
6795
82400
43980
9342
26955
95905
39270
68155
71212
40606
95406
52866
104903
61224
40917
39286
95254
31584
79436
27660
61241
21242
84029
13940
62932
14580
74678
1354
119888
17377
87727
105676
26425
32948
33880
96664
4218
28119
85402
7190
40464
48249
91891
26245
15405
2620
66279
26323
56556
10799
30099
82855
46596
104877
34890
104339
22511
40790
8890
52483
86287
81963
42144
7632
79970
73454
114735
116126
110031
24667
69391
115399
924
42742
61018
60020
23706
55714
47924
111930
52841
92248
46907
46964
4158
76009
97590
87615
18966
104177
48007
2560
28618
71147
7892
38998
47189
59292
103722
34540
108140
14012
81031
96089
15236
80087
118112
33980
83609
45666
118011
23275
101289
87277
111847
1586
79838
16970
79061
83944
45646
33008
54771
14652
96921
83655
90810
81927
90639
97932
73622
2236
16383
116071
35981
54357
104704
95869
85045
60426
9797
38662
51383
84692
90196
29902
117801
9011
84300
76676
84127
78198
113689
70052
62215
97084
18694
59567
47072
58778
44141
30772
18261
41800
64389
28653
51393
111648
43420
33193
50343
55728
69145
4063
21619
90790
26152
18070
6194
6250
119510
18426
80238
109119
51438
40974
34052
97151
899
39623
74611
118909
43121
19053
33188
80902
96786
87881
33504
74801
27171
48940
95708
44753
49989
38153
75964
14427
71240
31746
62228
118137
46839
32642
105396
96876
97242
72294
10188
93547
40546
112784
74509
84728
32602
45526
4709
27403
46228
101565
33276
30221
3421
58221
72674
62717
96452
90319
19634
54186
35499
30592
7294
76046
834
37693
81010
87844
111917
27924
62167
83545
116095
33779
59458
5302
62948
99183
64120
20778
9925
14905
105228
79657
104126
119028
75668
64422
91784
119068
78187
53785
89432
69409
12549
85123
16706
10376
76140
54077
109583
103932
45348
51610
28547
74283
34393
74679
96987
32086
80735
11977
78997
8422
80028
57944
61243
109577
19067
25344
37650
113678
117489
9984
116271
79253
52023
70773
22131
84505
92020
44298
41980
33264
87644
51972
85647
57523
9438
69149
23763
20171
19764
8418
53848
85082
37384
30795
74918
55767
6220
19270
65613
79917
48631
77324
1120
10264
44899
80489
36258
90468
39233
6270
89679
48612
17270
91119
9690
82866
41600
80303
31318
17838
943
9362
35264
19995
20200
94584
17905
71855
3066
83937
47383
85131
53086
100236
49783
90942
112440
75914
95125
36347
13077
10972
20353
15018
49709
32851
111210
40154
1022
77969
30049
40273
91410
99185
49166
60736
68267
5653
75331
112913
56161
33214
13116
61702
114016
5761
63705
3861
58769
78516
14099
47265
21759
28370
27920
98994
101974
22186
67803
92308
96599
36327
112485
78982
12629
118131
95642
9472
40177
22338
35489
14899
10529
1933
51216
51732
89812
106050
62863
65633
79906
99799
117871
98288
25211
100152
30932
3644
46506
73101
93652
65190
33177
3176
9256
46157
115723
50014
11541
14028
60780
28866
3485
13566
16014
52695
25147
77289
74839
20530
100606
24429
100933
15943
46229
71241
55454
77757
43313
35026
90259
82302
14022
46969
64435
21142
37094
18773
30229
17313
40522
101421
9323
21371
11085
18829
47376
61360
3611
91341
87695
13248
12290
87564
94999
61270
2089
13096
106639
116295
97422
56617
37902
95344
86588
47054
116649
85546
67835
5308
119564
54273
108095
23443
109899
106798
71026
85687
109188
24653
51291
117214
90913
69071
19453
55135
85589
13981
12756
58205
57242
42464
11531
32689
43437
103436
41609
105403
35014
101481
54495
37598
746
10611
74153
72565
68797
40029
37463
63728
103847
13146
77701
14742
65552
45533
20414
88777
79547
4575
6891
99467
23730
59941
9475
89661
52354
15596
36641
105160
99116
12568
34395
92532
60701
103137
83188
99051
110802
14765
50977
109122
56222
78608
55036
51489
73840
106522
25746
39496
44011
44398
113856
42833
90873
61622
23731
13704
39401
11520
2011
118190
59527
20273
103697
108287
101413
20092
72148
90734
47852
2250
29458
56261
102136
113976
69150
10119
96799
6521
109434
86317
78321
94171
44705
14628
10087
106717
46778
114070
1735
61467
106540
76096
60781
9125
81537
113238
73772
44435
88047
71116
5957
74407
23003
9707
35613
96540
107584
113760
70355
65302
87059
89242
27774
97788
81375
99301
94636
97176
51848
97431
64481
73429
69573
22443
30662
90817
83381
12345
78836
101162
39097
3207
84741
96338
34456
115747
79100
33776
105347
102795
71581
91996
13137
6817
23459
4904
64496
111856
93054
81704
12909
65719
14086
115310
1636
81425
42805
30032
53392
110850
113305
67419
97640
3719
115067
25208
103949
38657
91411
87408
38549
27174
63266
53041
45367
95592
16075
87434
19132
12614
117163
75032
78444
10005
98720
47228
60612
55412
110239
119547
23772
