105150
74573
49798
41362
71444
68211
37234
4189
30073
31297
17385
2208
43661
98561
79439
82824
114306
18270
118129
65038
104501
31203
93291
26935
107126
26032
83622
73274
76001
46488
107228
109741
73111
115565
88202
104256
78878
57147
113369
61281
58258
118723
78874
41076
35394
71860
108566
42196
35744
55067
64060
23570
105996
8936
23283
17898
85641
60116
34163
69863
76086
45728
93756
55872
31769
80072
100739
27293
62162
64888
26316
68994
17024
20955
108778
112672
12048
58861
39177
36893
86230
67057
112447
15239
56344
74758
50441
117966
24229
32120
29079
8400
71320
24089
68606
97896
104861
84860
104285
84671
19066
104886
15234
103601
26106
96970
103530
52935
29909
24328
91332
1163
94045
53733
8310
55022
3921
77818
52973
61134
119225
58630
65401
100413
17576
79480
9320
87182
64865
103298
37236
10215
12745
54130
79413
93848
261
29431
85415
42681
97000
94115
107050
59638
49200
111346
6526
36627
49857
54744
46615
113879
5379
109519
42566
82108
105697
62651
609
8007
94906
28745
90388
25684
72305
66274
10037
10095
109522
42485
98437
52267
97303
65000
93704
62971
26916
96139
7808
43868
45615
79466
67192
86684
4924
85806
89981
79980
107714
25222
116818
21984
69426
16405
3383
115279
91704
111928
75095
82043
80994
113765
40962
80811
54139
27351
61709
84953
33108
46769
74464
55991
81777
107355
47731
50955
52229
32270
117984
97690
59878
86469
119611
90830
84336
38361
69312
102010
81146
68398
22512
119052
64513
101379
46279
27671
57567
59304
51165
14649
64438
67654
36649
107339
83263
70545
5071
109972
99781
87901
91908
45488
61530
109231
26648
35713
83492
50113
103134
602
57802
74622
77476
53851
85692
90016
15890
66061
9411
81812
117825
100194
78631
85113
25138
48995
69126
22053
8633
115529
60190
111503
49320
98132
112441
14594
60919
102704
63368
41999
47944
113453
72331
119901
3437
59984
100176
110176
100551
60483
115245
2304
112601
28176
100632
9536
87828
66513
44373
38132
5550
45351
31307
13043
25260
88206
116976
107271
79301
52087
92004
33352
39640
111231
52213
81725
5238
36624
84010
5814
28310
69786
74546
1554
42676
53980
34756
84241
69305
55371
753
77799
84130
109028
71021
35951
41258
30530
78367
111431
97834
1703
36088
67432
10305
78184
13709
36117
76983
73085
36310
79487
89567
96275
105746
119343
8338
11703
97173
38321
47511
2206
771
19061
118103
70088
116648
63537
28526
76899
108118
35293
105372
40732
114032
102028
71735
11831
114632
63340
110322
110795
92704
41441
114240
79491
73621
112213
33469
24266
59951
24341
115606
32677
89727
70805
63584
78630
75604
13810
56546
31553
31648
60006
116869
97854
41077
2858
64080
66996
53486
41154
119781
98125
112404
6481
63093
95089
20635
12683
16940
59739
32683
57861
44739
404
59758
82319
90538
57283
108902
1941
46420
81515
90263
102137
106295
115828
64061
7623
48937
61819
67316
82273
86820
7199
68992
117032
49965
117275
80068
49325
115499
28271
114605
59260
12650
59385
108891
37587
106466
96709
21862
64530
10622
8053
106672
98399
41674
82657
58117
711
103975
100735
83817
58656
84536
89143
42661
87678
13073
89555
65074
3590
11467
34743
43463
74496
50592
87897
51162
34993
99688
33418
64720
45276
82987
18381
98945
85852
78457
9412
49870
106807
87015
12477
22229
42262
51036
109063
111676
93985
47011
112713
76474
31422
100879
28654
11790
8558
35856
41863
107261
70570
35593
41840
113887
67103
