44431
42123
78300
99004
70217
112590
22109
119741
6395
59036
8460
81049
65824
53827
46050
78464
20294
46531
40374
118173
29075
90560
115216
113239
1546
86500
25755
7649
92934
48264
89699
68197
21054
79221
10959
109365
39575
36938
41993
86370
35595
40816
2813
97269
60849
82616
38787
47742
57923
70428
48745
38141
86214
16854
29749
10835
89517
11373
84564
89298
92462
22811
17332
57265
26554
96728
44852
12581
49140
18939
48413
110645
112003
110730
12197
110598
26179
2690
110581
63078
82802
28482
56640
14198
65383
47772
56210
109756
118247
72467
56498
39764
64761
9331
3691
60309
106231
45874
106938
41898
23504
78221
39856
67719
14027
109414
103660
7244
40969
80909
55367
82777
109950
112796
22325
27988
16444
93761
82522
96034
73082
49525
26848
22445
111697
92015
119088
63264
68269
75175
35365
73323
1283
23040
101865
34879
119133
8587
105591
105505
91662
43556
112774
102465
17621
40773
111785
108323
100924
55218
83310
4567
10027
109989
6748
15607
13845
46741
77791
61401
83441
3765
4559
52431
20333
39285
2670
106429
117266
102113
95180
9495
69776
40576
101962
94539
33714
98393
26432
678
86342
114549
40718
11574
110972
32769
11125
107898
103415
113694
90974
25022
102203
11936
32068
89163
83162
82625
52356
54205
5589
12480
72626
69475
5362
43246
68747
104295
31647
14149
113364
7899
80676
37691
108674
79468
49932
68691
10395
15117
40940
26271
83063
41699
110543
31862
27928
77342
27097
94368
114235
75829
69017
858
52058
9966
119498
16216
96204
31371
84612
60823
107873
55394
62831
78842
70469
7379
71123
48377
24930
58611
117531
85743
35614
85298
46630
65304
64991
96094
30510
91744
81074
96333
81735
77689
95609
94206
29457
62694
75056
94763
40191
112905
4076
65698
96059
116435
73902
44212
78758
6747
93546
39972
85531
13089
66542
97694
77959
9421
12385
49370
77401
118002
117171
90938
81539
8425
113523
48781
45358
93899
20919
2818
43593
48299
93154
88134
13206
48650
17052
60339
16785
91144
76627
74538
73802
106075
100518
115117
72672
76452
12872
58612
68247
62950
72541
77554
31076
97371
33117
117131
66557
12373
67869
69237
97711
38913
109345
109465
62679
112982
39622
7965
41972
86113
113619
2661
80598
74402
66300
62785
106707
44458
66178
16969
22832
101617
111695
36045
91128
13993
45292
70202
42000
101246
61068
83099
8632
45114
101760
18860
64982
816
112047
95728
113004
29176
94375
11082
85913
77393
1499
11282
113310
14256
88751
16342
14108
94991
24921
13178
21776
65948
100894
92556
108588
15264
54026
8345
96813
81363
84245
30823
25868
102966
85391
2679
48468
53684
106310
107455
91838
20526
72903
4697
94119
23317
63452
55125
60489
113106
85666
3499
7940
11514
26499
22600
50676
102983
52392
7428
113371
96367
16229
60587
108204
80652
71060
23239
33066
100437
57675
65431
9365
38081
9533
17913
10690
116
66859
37464
64535
71579
20050
28115
72608
43000
102387
28663
54366
24868
70680
108943
100628
4995
94074
2871
96245
76987
94396
78955
20763
11256
45369
107655
97674
56406
29624
16165
119029
55273
46918
106483
118536
6691
35472
75619
84745
107054
59296
92749
83034
15131
66470
92544
75240
33841
51421
95011
71295
43179
63277
68546
102650
13805
56227
65578
84210
89873
49757
21206
117768
25409
30094
63781
119915
111176
57702
84025
10933
105484
93004
114962
99953
29433
114447
93797
15708
42921
21960
110373
89498
29925
70219
93853
52344
64360
70737
69297
93391
30640
19822
58386
2394
46797
73020
65598
109381
109262
36478
71447
88792
49167
106992
48561
97352
66134
1187
83136
51366
118707
98335
17436
90896
77223
79151
52523
19075
19299
106624
32263
118133
13495
74603
56390
85541
60872
64421
71701
6275
3857
23538
102515
98775
12759
1058
79161
105016
42277
11047
91008
100664
114553
110422
30195
31727
22828
80844
6215
93007
23260
117492
88677
48820
110786
19976
74280
37926
116705
39964
19912
101391
22207
92416
24146
89807
119677
23831
18315
75991
17603
27079
68400
98639
62590
33875
102839
68850
92997
112005
86666
62242
66505
36769
109986
45155
76102
86198
75716
46546
11490
32926
99376
98493
98425
28820
46973
61649
3380
87488
105241
92617
66129
51875
108481
47253
66278
72532
71325
70951
70407
79920
107960
62011
106349
70534
35280
25505
45712
99266
9424
108686
16967
7041
112027
90867
38463
22514
10676
84842
51013
28422
97317
23658
75883
85405
71201
80216
111424
80475
98034
42304
88853
77770
54352
97305
103108
8214
106939
73099
28595
37107
53966
529
116204
114441
28194
97500
10151
77841
19069
86950
11898
23005
92486
24173
97177
39780
50405
115354
105395
16313
8318
53125
114698
87287
30410
11619
75541
84813
2254
10782
106828
84763
72875
7784
75312
58126
106245
81293
3428
12013
3257
34438
260
57083
78010
27398
88963
41029
53186
79573
4665
65011
93244
108450
76818
11887
70242
69789
44188
90898
103041
65648
73311
2987
113304
88204
45894
48074
52609
69008
31420
86614
96301
26345
25628
25854
6392
112024
30300
35361
23250
39830
6976
79168
53114
29054
19856
24936
114002
27335
80765
22926
21935
58261
85286
99555
24495
72787
62361
68756
101518
14880
114359
62734
96380
72359
28199
37132
49099
77410
17742
67685
34047
107766
6610
39629
103317
7523
41958
57764
20858
117361
29446
106011
26028
87337
112526
54321
30989
50450
11391
66284
83423
27035
51511
77644
109093
78857
119334
10072
27514
88075
79024
95557
96440
17506
22945
87028
73395
87088
54610
102115
18820
111066
115402
8090
28805
51565
7757
96578
33442
34138
9104
14718
58698
64152
119946
39111
104171
11823
92387
