115001
44097
7582
11787
28214
31820
1700
63523
95102
5475
95266
104148
30196
9093
117132
54654
41622
99672
54375
80897
105356
8963
73999
16021
41975
64413
25263
95546
89971
11575
110146
7207
12504
5763
116849
42313
20340
10777
52465
8900
38887
28302
46520
3072
30112
89546
52314
115742
59863
22220
28346
74889
22562
30598
72344
28192
77264
68601
75724
61725
33242
94189
105001
42204
102071
84327
102315
24445
1949
64549
81266
90735
94845
19328
105599
86494
61417
80766
115139
58854
74645
72907
115021
83780
36672
46763
39348
77000
11301
106723
62491
17602
31350
86361
63899
17196
115156
59135
28546
67350
91375
34303
72051
20839
41068
89374
90836
107672
42590
45203
62603
24145
83589
46020
75911
77108
105727
41793
109366
28505
25361
113782
114335
30097
18298
96366
51408
7827
9405
43958
58048
17206
53081
10475
105334
85442
97195
93532
29963
82528
50814
87103
2591
20122
96699
63535
84293
30970
93275
107590
100151
119926
78490
52673
20913
21643
85574
85267
70036
21773
20584
37428
78413
23103
79521
48079
18810
97094
78988
83311
34520
38077
106748
69245
77479
58199
102993
9427
105278
38879
5376
99986
117849
99680
68026
103413
26417
94462
31131
57102
62125
24898
10888
106752
21419
119206
91262
13341
1489
31656
116074
1561
2581
68740
24839
69883
10041
41510
28643
64048
1509
50632
21881
108107
16644
5346
46280
55653
50875
18005
68717
93328
11427
66207
48526
54521
75386
75173
1306
52883
111945
115590
57284
64234
52746
1353
110544
82247
5865
74259
19562
73169
13509
63564
24054
80471
41673
87640
26738
69419
26511
105509
5886
30696
93121
59463
71081
76026
110833
97902
90816
111395
12903
98724
80557
106476
93368
115357
107466
14633
58318
38728
6081
112269
93941
99813
4397
465
10511
49008
88972
13807
106342
108302
30000
17402
69971
103279
9997
20780
80582
95423
57873
69032
2346
119800
115388
64571
18637
60801
58909
75855
119588
28570
60049
22275
50744
95550
55191
72869
10680
14191
53640
2734
55832
49998
22722
84027
56586
23362
40044
4259
104731
46487
16040
54263
115152
7778
87493
111179
106954
90441
82176
73423
73911
36319
2520
108023
117454
94588
5383
47384
80447
113307
36640
108506
94562
91699
115745
68680
10810
22238
77373
20992
93227
51100
99756
89162
83178
93912
25367
114675
24884
3331
8038
36013
111390
22271
39105
74328
64029
9319
78603
11303
61238
105887
52557
35299
102096
30081
53788
52041
71180
26736
3575
8693
27666
112712
77933
39661
119462
90870
35961
19009
71584
85590
107950
60721
75402
84598
56443
60556
102338
10754
105876
2467
54567
94679
95106
67178
16132
2217
48741
51313
62862
87035
58093
70178
102786
119417
48957
87700
95371
33090
13799
88394
85558
118405
78617
83314
44602
117236
107202
95459
2723
100859
65157
94696
45718
27239
64528
50341
33915
95418
56507
4685
35712
74249
39509
94773
21876
41635
247
45341
7083
34973
53017
114285
70488
39932
20714
90854
12266
99319
61006
115242
27987
99296
3166
54911
7251
13800
46786
110396
2836
18699
107558
85544
59327
34377
19000
102882
57335
81230
94046
90036
101559
78746
15632
87852
62902
78576
23041
10698
7080
61780
41785
100854
74764
26092
99206
55013
76680
58148
2273
8016
92873
71362
59883
23594
74174
82140
36339
7533
32393
28443
62774
108639
89509
34632
106733
24277
104906
85062
113892
60601
110753
108216
53755
69531
115007
38428
36521
88273
66606
19576
22067
12391
14680
26356
50271
23000
6969
116462
92849
109811
119345
9798
64718
81180
41439
9390
108108
1682
78332
32343
82110
5754
5179
116065
53397
51018
97618
39166
111635
55520
23662
59757
48369
49522
86174
77222
57419
63961
57044
78084
47514
81500
64250
38958
22620
65878
40046
4242
50063
83881
9268
46380
106341
14672
69197
44555
65134
67259
99441
13019
79854
5894
110569
16597
61542
26825
102190
68708
8966
89320
64501
9969
69527
119715
78742
98284
76585
19697
14065
44296
71586
66352
43230
11872
37389
79453
40885
40402
29838
107311
14329
23693
62339
19620
54144
40672
66187
55287
56176
97309
27458
88203
117286
3152
64861
21762
86473
11968
118498
48767
21985
32244
7102
52802
91254
29787
65675
58557
35192
85580
57904
57674
112129
88618
41393
2561
104496
3390
68310
83240
22994
79897
59256
87032
64976
64673
91066
47020
42634
30893
84314
46961
96
85025
99645
24939
5604
26036
46476
23186
74841
72621
61004
110772
75038
49244
99438
41309
1468
110284
59117
5491
37661
26049
100094
22780
68474
44754
88803
72879
9008
22616
37356
51266
89990
18180
104973
86376
7524
38374
80014
100643
86870
48141
46768
98070
101165
49436
55540
108090
63002
63276
100227
58716
17565
114598
98060
65880
56425
69933
36843
66293
7954
85393
8392
118741
54274
114045
9868
71881
48594
18649
114547
8133
90825
66575
98648
53253
103395
49571
118142
92610
103472
65692
88220
64053
56049
51335
45302
25293
96522
78338
82538
22899
31588
9504
91839
3039
101160
45321
10419
5785
118227
61983
116442
47188
108594
57570
69940
74317
3561
1315
37377
112394
75495
482
112340
35409
96286
26913
46180
115456
94611
63972
51898
46632
68914
116228
71609
37294
40779
4246
103755
117183
14832
77100
35765
39607
87598
91773
33531
58645
78255
12910
107694
28458
1247
25962
55628
8681
89000
46539
81900
49910
6947
94458
30496
96524
3221
27887
88195
64903
101129
66552
72723
16950
105551
18502
97662
28506
45980
89318
44963
93116
27552
49322
51518
93908
114728
118745
39173
101226
57993
71256
102150
75718
39365
3171
88647
32375
43131
93340
35218
19666
118439
49749
108956
20775
97659
88854
63942
85268
16571
16050
103504
81413
108899
88592
48805
114853
105635
89919
6536
8231
8408
33846
27321
19182
19171
100707
54007
66593
102551
19481
11776
86523
25451
32048
13045
33313
102972
55868
78704
98252
119794
62000
115630
25966
46474
64086
69782
51547
105580
45633
75850
16368
33652
74619
19377
103263
45594
25567
75671
27201
69423
24787
12494
53045
47598
79976
95808
64452
66013
103403
15701
39066
65699
57230
34404
25765
1728
48973
56293
19336
43198
10559
29998
58311
113003
43761
22289
27803
76764
91471
55705
27012
95711
115574
80205
92942
17947
119660
92459
63506
111122
6378
86968
46291
75479
85973
66451
11500
89167
16213
96901
39142
44967
42299
8837
63241
35758
74974
66469
1761
31520
44801
55373
53614
9284
35875
32571
106977
105090
39072
92892
76810
119374
26496
118658
77140
26366
42678
117196
97107
85870
102677
12785
2967
18061
32282
84685
35392
5856
60971
70923
115308
101117
97504
60251
78471
7356
60666
112329
102596
99578
100168
105582
38626
99625
18240
18401
48657
