10393
3693
2528
53710
30391
92140
56897
37170
25099
76569
64014
39728
69192
84154
105116
107917
42912
80896
29795
64012
93559
86626
112264
83320
27317
15533
14960
75676
77743
110232
5874
21577
61815
49828
70239
64716
73696
29896
56401
20159
80973
77478
45789
78483
31121
61276
36610
101308
49580
68173
89737
96308
36585
49038
66663
116580
103303
44714
25474
37046
56920
59113
51816
53381
95699
53919
57362
98618
95585
114494
42865
6585
73151
32210
20793
68933
79264
9665
51455
44756
51700
85029
77463
93158
103297
62759
11613
100130
100937
34283
12952
27905
22560
87499
102129
10650
70883
80227
17647
13020
103920
25648
63943
78237
5103
46433
105368
83454
113650
23233
8858
72185
63547
6613
109535
116602
94121
52004
37956
25515
69015
83226
36626
71096
37198
83114
62623
110564
113901
28657
26137
44747
91980
41361
38948
104850
14957
95562
68715
19256
15327
24469
31470
17180
98008
105483
91794
91772
40904
72101
7586
23444
69731
46276
116822
21703
50855
115186
41744
19472
84268
3398
55790
20202
5907
19540
13398
17626
8573
33922
83579
54463
46285
7512
77128
87077
59987
58333
40120
74772
67126
111330
65248
71418
105115
4142
35756
105834
19646
7265
25341
44641
11034
38677
87602
97860
46156
28359
49197
12324
26500
86047
92270
6639
25485
45474
32544
6086
13870
82829
22274
93
57318
7216
50076
90719
21408
43137
17871
56621
78108
55615
106786
55190
5077
39977
35176
1764
2993
23191
2971
8179
98988
57804
77297
94053
44461
52313
26928
87413
49397
56774
60812
80548
96009
41900
32064
112743
83124
35588
19321
42777
53540
116303
90343
97316
32993
61926
51240
29418
56118
81469
37439
5294
114793
37613
22661
52699
112573
55823
111219
7653
27832
74984
65757
96685
115820
108052
68140
118412
111130
9597
3596
94002
49220
43369
19350
64534
63075
102320
97428
55304
26430
110345
62665
109645
35022
48391
7419
21362
30869
101476
75100
85879
64814
34965
76192
114727
102009
39269
65985
67141
54629
55196
72795
14324
83198
107634
77637
79086
6261
116339
5829
4530
60884
94485
78871
107351
72887
95663
51591
69092
3871
113627
6988
71636
102764
50382
89974
83440
81190
110243
7990
83971
90197
79029
90949
67547
14183
105685
3079
17823
91095
67270
88957
41781
58536
97735
22209
97534
66218
11941
56964
46663
91528
99800
46945
19896
6875
31878
97480
54055
119491
52211
28965
27591
74338
44465
74255
28288
60094
117754
24954
38477
88659
49695
616
86710
97157
88183
61889
11209
42693
1455
48929
41299
111347
108793
531
103934
40132
95697
20511
56505
104621
35542
113727
80651
100944
33528
96401
16766
108301
25771
1869
4361
35844
38160
49130
105620
52594
105011
82025
64671
13634
117986
9454
103314
83702
36629
118454
33060
8205
85172
88887
28833
17022
19799
84790
81861
23568
107971
103557
71695
94709
62076
115793
20813
53942
4986
71887
88443
56677
16869
11835
115075
16386
89706
111001
20336
101416
54686
44424
26690
76509
71489
30635
58537
551
83549
95978
60942
17181
4113
103990
28978
97021
59169
7259
74064
43875
46424
26596
9425
90126
68346
65124
81289
31364
114885
31760
23702
9651
63963
27116
70306
66550
111752
113378
80553
103946
103921
4154
95700
38689
70464
86359
106481
3715
51487
73611
98943
6242
58737
117969
31045
53862
59309
66259
101922
88436
4461
100916
103690
79755
48359
18573
113632
67154
82924
49834
21130
70756
101963
105999
91832
76685
94105
105062
44827
71786
96000
6007
12712
42164
3441
98046
17887
99992
28427
94371
45587
109123
59347
3359
22572
101070
109387
113930
9269
74766
12032
84547
116417
32639
22421
16764
21545
36561
1296
26713
49738
56615
16435
106886
78725
116916
50030
20017
111071
22640
19297
86871
77755
78370
96725
2614
31287
24842
41086
17946
54534
3312
38174
103838
35738
67970
9429
105919
68672
5628
22170
6865
116140
22622
46713
105647
107147
102687
42595
19143
47365
75827
21007
4580
92102
33954
43734
106888
10300
67911
4608
93855
15163
36823
116865
18668
8888
70458
116623
27200
118330
82800
83936
73107
16616
34042
71210
37530
95802
99181
78051
9045
11355
2958
4694
104380
101465
64610
104442
102789
24800
606
84514
77964
90971
38336
108896
91592
86221
11512
85921
101798
53410
96292
92693
28368
118209
119672
19674
44077
33818
109873
65187
96603
69849
91765
84494
8442
32350
101082
80887
86415
118890
39838
27894
50585
50546
60349
66932
63048
83618
117165
13850
33663
52945
71416
4731
71434
6858
72059
114588
66918
4662
84394
65289
69703
2800
117
84994
32819
84320
57122
63357
117037
87424
3942
42142
3041
106018
88982
59052
15165
15932
117272
32932
21983
15571
63069
63413
19356
28049
32971
32366
44697
107991
5581
26680
84601
103036
86271
66083
117998
51658
56712
65148
116312
11183
111113
15161
7804
84222
2424
63872
16757
91627
25496
118845
103083
117996
41946
114043
13308
61244
96553
111608
61801
22158
81278
38793
82586
17569
74309
10700
63681
77552
48988
109403
53835
112673
107907
5282
30054
56405
114053
92722
15990
47316
66364
26076
66667
109435
78979
55062
21041
29300
20863
102002
61219
16801
66320
67467
79323
78905
78441
51264
14538
82393
118369
100008
8529
72780
100255
40691
92180
93240
53463
50590
60040
103252
1261
42696
98445
78852
94620
70058
3939
31010
56602
39363
37063
86813
111012
101062
28296
94628
17721
64058
75750
45936
71909
59378
62094
16566
116914
61321
117221
84166
50529
11938
117510
46766
86084
112058
114645
47116
34118
3900
3057
118830
84554
70707
116532
58377
43402
81871
118267
32733
105363
42259
23155
70345
60397
10065
117215
64777
51457
16630
71257
69880
7362
5965
108687
110685
55054
7661
24120
7451
100806
4681
93008
17993
46141
57005
81741
94860
44884
30179
94555
88702
13769
28586
83594
35848
62501
116459
36414
57168
34321
52085
118654
74016
8187
16791
58260
12049
118945
37634
74728
117553
80633
108884
70661
29106
50934
108110
99456
18745
89843
26257
65121
111574
107621
29112
103806
38446
85623
58639
10379
63670
67342
50348
79389
61332
56732
27327
101277
80437
54800
67605
13204
23503
115956
93145
62251
64719
58157
61992
29589
92935
47628
19184
6017
51784
53419
20807
38364
39275
69460
55646
100089
2377
8180
79891
104417
24079
26580
111599
113636
9621
94961
33983
78349
90894
60959
19083
27042
73991
78958
99930
21222
119163
13786
58452
101679
26513
17939
117316
5515
116097
66796
77998
101249
81902
119883
11401
89938
82742
91343
40172
27233
45854
24910
6174
45103
38907
13290
35737
105534
45628
73364
80175
95079
51734
93339
69831
25159
112380
61065
22222
54421
118809
1615
37393
70161
3110
65177
119408
64314
94482
88984
77275
23364
27231
74906
105134
20244
94243
105346
35904
69338
101979
20842
26853
62018
78934
51865
98833
78583
23518
60471
76822
18796
71245
88482
61835
54958
102473
72942
14540
69504
54355
12758
23062
119860
27675
98569
83989
743
97402
2924
52766
84844
87950
96629
2842
6625
32134
46670
104653
113945
94877
35289
117779
593
76291
46926
66619
57662
11024
63859
15413
25176
98583
60324
95659
25240
25403
37906
112439
19333
11972
70579
10771
57440
8101
66435
63088
55082
83283
119823
46955
76865
12120
75842
31824
48254
111375
71718
12995
54737
98543
7014
93132
43224
4033
6745
55971
17675
88013
15569
30443
91371
111662
85431
9493
45389
26084
27069
32465
105477
25874
30222
61999
31693
58941
35853
40234
68018
94585
98010
78536
74395
119207
218
92800
66077
59158
46968
33474
8337
24043
40736
83693
80404
13049
94362
109945
2106
7539
93534
79523
25054
112512
17062
51720
71542
79416
89438
69840
88259
34039
110637
42140
88983
71129
62617
88182
26784
87571
29550
108539
84680
43495
39211
79067
46249
68887
104065
82063
21489
22582
27770
42847
21836
5337
95794
28221
116365
84808
110134
116538
23484
61967
56890
28929
103662
41583
66743
74814
33178
89554
110020
15138
89545
72757
79901
24679
37220
2605
102346
75069
28748
109750
119613
53353
95422
114439
66455
17224
9252
104583
63299
112887
46133
125
36153
101038
13779
111685
8075
115882
24353
68497
10764
53428
87195
118123
15481
48294
118893
105700
81891
36680
95739
104500
102921
20102
77253
75276
71359
48708
44784
42403
4768
53130
45174
118794
77571
12778
87079
38167
41845
29609
18459
89998
9976
108770
47788
21748
43577
72826
56100
19238
37
55622
70588
104748
91145
47627
109944
24367
58785
51772
109401
69513
40553
97080
17353
11994
59306
81908
90080
1180
69357
82971
19906
36208
34797
34690
76957
15773
68991
69
37287
1288
109949
81371
118141
1360
55097
20755
66069
99444
105882
58914
77641
7898
119629
114562
27436
113
103926
103060
99535
79859
119886
37646
78383
813
25234
88426
116470
58717
28003
1729
94300
98078
117612
82720
58063
26007
1966
56081
107630
28702
64221
97574
102240
2302
21670
22481
35054
43992
62428
56520
118510
1057
72083
50936
52197
44577
41197
6149
77639
107203
41614
60740
45088
78856
76128
72501
32280
53590
73605
72020
13825
99554
11965
114859
44586
53332
83175
454
25906
16787
119551
6935
19509
52530
33101
92818
117896
109560
43654
87485
29579
40404
10171
63877
106197
1502
18253
15445
114563
119780
15478
40224
16176
21841
32714
51623
2579
93403
48058
21689
40003
16575
47654
40599
103867
64113
114201
9587
61510
51356
20235
85501
90130
29525
9178
78903
8347
75475
76313
74092
83970
22123
69649
101269
66714
106039
4789
88651
15732
57878
111714
84004
113447
5592
63893
84641
70690
105440
74052
71050
100477
119726
12003
89994
82290
27302
25280
106168
59860
29695
6252
31009
63804
14576
34498
6304
971
23644
60529
44741
90632
45747
56229
60561
6347
1061
6127
99126
57592
109651
21936
55014
19056
64732
104915
64784
50609
92420
14640
27248
6727
57236
43784
88749
36241
89370
106372
74195
32262
103411
71535
54637
61105
58896
27453
69806
118633
75007
10303
57423
116310
28033
51603
85562
58080
46074
107499
53709
42074
99257
103890
111581
37404
15995
66447
107858
90368
37717
30984
25552
16491
101355
55876
81711
36299
58908
56238
80086
4123
67673
64958
37192
10333
50639
37260
39070
83703
46422
10974
3124
39375
69653
107039
92538
94783
98714
76273
25559
30123
106432
70141
38531
68135
73406
32529
2283
118145
52439
102908
114430
117493
23388
48925
11234
41085
61468
9510
5882
102353
107602
72482
8198
112358
82611
4506
49696
31110
85698
15999
95419
32876
51396
35644
76877
4300
77609
52887
114751
29313
52390
5561
61045
87570
34699
117239
61681
92263
73374
47903
89360
87442
45863
67217
57736
95975
22612
69794
48408
72213
72777
72164
98510
62705
59551
115056
50026
55134
102797
88615
108212
37007
10729
118566
69005
29025
36653
56381
31687
18343
59022
73110
115371
31236
62453
92334
102235
41833
19964
41731
108875
99350
104477
69914
68793
110090
100677
93604
69365
63267
54898
94145
45254
28100
56993
73441
61596
12097
85283
36727
87697
97487
101320
31542
32508
65973
95065
75998
111304
63826
41810
17151
62031
92502
74595
36991
85791
24298
43970
77806
50874
14274
28927
24713
79417
53351
66139
78609
37755
16875
91167
37882
8466
30516
11447
67785
60902
60062
4025
44287
62316
96227
36006
23858
32532
18503
2566
9692
5045
99278
33718
6551
82431
41008
45499
21879
28677
93537
11243
24014
84569
97837
111998
62671
54935
58281
37511
5656
106545
3537
87151
17371
117260
65024
53578
112842
55797
119351
26334
116248
70926
68798
10473
109205
37561
69579
20946
104756
72315
3987
22606
77097
81261
33072
21589
97210
28918
38373
75342
47490
45145
33046
102830
107692
24642
97612
60558
48567
97961
47918
97436
82846
86279
83508
81665
10020
99089
107402
99221
14627
30415
32758
63507
4480
9924
5692
119813
86172
27344
29249
69868
94570
306
19970
72805
66605
111120
87495
102819
27451
41721
43918
84600
32632
116619
67252
40405
2798
13421
20376
76798
69123
41722
24943
37385
58635
43632
109139
2898
100986
108473
22125
55817
43730
103886
72174
95112
27657
10470
55156
36749
87687
88275
110480
117312
15196
94623
85454
85336
7824
6658
9384
34975
107670
114031
86883
104319
21269
61636
24917
8271
11986
108255
30384
35290
21134
16866
113172
23629
32969
40533
34310
119792
25543
93473
66563
97354
95076
67238
66345
20987
116142
57773
23004
107706
69275
84098
9735
31182
9159
96393
104527
14451
65022
98087
91626
94212
90685
119527
83673
89075
102300
68291
19318
77109
62985
46318
89504
104644
49904
42315
27667
46450
96758
24007
89415
93548
17387
89243
51413
113658
79916
27219
95093
44113
65089
55827
35544
64296
36973
77871
88010
65
23577
72012
48421
97990
77361
24853
35017
106959
27394
29763
1843
104723
78329
42067
4803
86355
56441
42065
29737
16012
40629
11211
40350
83890
119517
38578
84847
19555
114980
28754
15840
63656
39273
5048
96425
97542
20006
100853
101167
69284
10161
18122
12757
30865
89261
57079
29967
78952
66879
25719
26008
37965
9838
32055
22968
53202
53539
118287
67011
108516
67948
119300
45556
34588
60527
75127
27783
105651
43884
85874
115582
64623
90056
98352
75062
49661
90256
93611
78374
58457
85296
119878
55913
2500
77768
68076
69463
71352
119905
113048
88247
30145
75418
32194
18741
59
69945
65387
86162
67767
89734
104820
87136
60243
70014
95315
47664
35567
48151
94310
29674
94941
77987
7851
75482
86472
14275
75435
24805
103529
38896
119824
45485
16742
39750
76674
17840
68060
70094
97744
49281
91601
63530
98499
107101
59411
43173
84446
47638
34522
50184
119187
89060
56154
110433
38650
36204
104599
34586
48803
11850
18555
53468
37978
53297
32998
3692
27353
112654
56670
78472
112860
5770
61395
69385
21283
33481
85207
54587
55496
56777
92858
65144
31274
65735
32510
90889
8781
19951
118482
7724
40399
107462
16415
76075
114544
86261
50735
6816
11592
102915
865
35916
51389
21908
115594
66094
48830
9499
88601
31904
46112
113278
33468
60954
28254
21513
92109
118989
78266
6421
2874
60734
33724
7553
22179
46748
92675
104254
79589
83459
26140
86836
46575
114912
72523
58184
82789
52167
115639
29272
63521
93245
33668
43034
56561
20577
13648
80890
30490
72112
77298
27364
109632
92622
103310
48480
107513
51269
49136
25995
30807
20835
86671
57457
32623
6835
39242
95070
101312
57150
16118
88173
46826
45370
114251
71940
11791
71987
27168
112180
87246
29767
97219
115087
33849
37996
13785
74614
45757
4151
71759
85910
101659
56913
11829
96779
57491
42292
81673
3263
119773
468
66209
118953
66260
29080
100972
84717
81163
98811
108529
106148
89675
6600
41337
85617
45404
1430
24926
96389
49833
33881
53430
32521
115865
86959
20930
19168
40893
34688
103694
26850
43680
90676
14879
88800
32324
81889
95201
84018
20662
52109
20620
73284
82079
105775
52716
44574
31171
112882
67260
25008
60571
95379
65061
7246
28447
109198
33309
80639
89064
95081
14339
51862
16721
18120
64939
100429
113419
117624
97677
10924
82746
44332
83783
49779
81532
65470
106237
7327
34314
47934
21608
85211
33091
49607
58842
47900
94095
40092
110902
106400
8527
100125
46737
62895
651
3401
70
94742
55168
1540
79926
6472
24624
88824
40249
66823
74307
25708
11538
3055
55357
94365
109065
33912
28299
3516
60776
102892
88580
48453
41385
99658
110356
76447
46876
115173
98267
107064
64238
57337
85867
76403
32067
19775
107327
36864
95354
4015
7461
114432
23904
110235
32595
103809
39281
1333
82624
58996
74846
17135
106597
97019
117093
108898
27323
7477
74014
32569
104547
1493
101266
97901
23633
21536
91004
95437
44659
55564
40327
103623
42723
84360
14901
27032
83339
86354
68932
5630
19626
32835
80604
63477
44055
33845
5229
111819
21172
27942
74657
71004
52114
39020
114742
115661
117851
43567
114880
64444
52627
40448
78325
114332
24849
93736
88312
3572
3657
51023
16032
1396
46521
106976
115425
83635
32193
51811
2155
90482
45876
112608
107223
60998
113515
79280
45430
73327
46725
5939
76717
36520
104806
101731
62663
118732
33857
56793
23895
59013
70165
102423
104693
114831
36728
47333
22647
79728
73475
4824
12090
15079
36345
33885
50147
52860
104798
29741
7382
38131
47158
54444
102777
102762
41397
86505
11833
88529
78243
17759
40209
52963
21024
112549
68296
109941
5719
19752
87097
110457
25709
63966
33343
71859
53407
23074
2873
15612
102977
8093
