39508
82456
91368
73168
91697
20623
87451
80336
23151
29482
85901
109940
52608
101192
35035
102667
56506
66578
43056
89475
59991
107332
75396
21864
2369
44495
81093
13307
90221
30204
72128
46834
11291
961
29239
90847
3962
38388
86217
52950
4011
37161
6703
64153
5846
26040
11692
107632
110314
75354
9388
100609
96571
77906
63675
87701
12708
21188
4658
110670
36762
19057
90531
27674
111117
12426
41971
6320
69434
104454
64204
82139
107563
74397
78298
45983
15159
22917
15073
84157
99137
11137
36960
63336
7928
71427
398
2093
90333
82078
37876
84688
113264
36429
43595
114442
82146
83476
44098
93265
7759
70449
16222
25574
83275
55396
92008
64108
58936
70329
46795
83566
101910
32989
112911
87587
94608
1475
81352
79988
81860
9500
29156
104060
22849
86945
82403
98343
69261
107195
90425
68153
14582
12725
58647
111125
117045
95461
82795
83754
108560
32966
25582
70882
93691
73473
107445
11076
16314
112320
49074
32180
96079
18689
47809
93583
67175
113824
108134
86582
59107
52670
14606
29316
118455
22248
79509
108993
77896
41311
88927
54158
12109
65232
87391
117173
68351
86152
58760
43638
103275
1142
109026
6267
108228
66686
76700
5525
31268
22928
77235
3546
66949
30441
45202
116969
6406
861
119467
37909
65463
20976
78282
43521
86249
65215
65616
48702
60999
5295
75941
96517
27649
14676
58541
64138
49485
100438
73154
44740
72687
33996
3469
31037
59086
17398
63194
21179
59417
7508
40051
87510
70769
28856
109962
4711
45611
27821
108150
14726
38333
42272
116834
65106
99744
4335
105299
29449
2469
51199
76388
63431
19566
69972
63981
65606
85372
112461
74481
68598
90049
79737
91960
110079
55411
17858
49637
431
5774
73347
17360
44157
83571
87219
30575
60044
15252
76063
35351
41132
23601
112570
81106
93933
65548
113472
110870
85759
49523
90100
46686
17627
49144
76167
81850
67230
68369
110522
103872
115450
87717
81311
84
20639
25124
55249
83547
13258
61056
95574
96285
93470
42708
58396
20391
81269
52202
43238
760
61210
93226
75892
93685
62128
75320
110380
78953
73205
89892
20048
34297
98614
99735
22778
88078
50752
51367
47358
40855
83623
55528
111048
61328
22012
51885
106884
114451
46389
70837
101385
51888
59302
70612
26041
105855
72357
49723
61402
57744
31435
75167
11706
7012
2961
32099
55777
113096
25534
115991
64301
24644
51183
109610
70894
64788
8973
65685
35256
91240
30428
104570
31798
60174
79510
40277
113731
116975
4892
82749
74354
56935
21871
78575
95799
20078
88606
96891
781
106774
60797
63073
112290
14313
42129
88408
45244
5141
57755
46024
111089
62630
113381
7957
5596
102258
3393
107045
26547
95359
8555
73430
20736
81071
110129
81279
31339
84295
82752
42107
6664
16335
4994
51621
22065
31634
30652
64274
7065
70729
33530
119690
103219
7754
20744
96756
7835
55120
55238
38540
70193
16655
96446
53333
69198
14328
23164
16293
111228
511
81593
21510
77963
117063
101123
54401
50909
14421
45427
87768
79726
1721
36115
72763
85184
119317
10890
78180
22319
23959
15591
95175
89860
94404
10906
8450
75596
54592
92524
75675
41643
50656
68824
34774
22729
11525
109362
35031
94885
34169
45845
2374
78174
16195
31085
107921
64278
102934
37627
23408
53791
118430
42787
9244
47124
73161
30878
109978
15041
88065
39523
3307
11336
64839
66123
96574
88599
44940
56624
41049
21078
87463
64184
41771
43013
83628
51800
31518
12646
15885
36397
61258
31437
10093
100810
21737
5158
68051
36103
83150
98282
58663
79171
86512
106896
90828
4695
88514
34515
54054
66500
113997
66290
98542
95247
58695
73202
62890
101527
8844
119809
60242
112313
49064
112686
6886
41920
36260
19894
75920
89723
22649
48738
36601
72342
78747
86537
103182
71821
51310
89275
69413
68054
28626
60772
89895
5788
81992
44524
28202
79731
87494
105586
80525
91512
78047
104131
69168
109820
80065
34745
69808
77147
79559
92712
68158
5319
54314
93300
64768
1657
16382
6440
36126
25599
80752
74922
38656
115618
104894
101687
66886
53662
34834
53648
90917
79158
52172
21026
18683
2286
11413
102105
45578
84639
57024
94317
76829
106869
66445
107829
49495
30907
9057
93495
3525
80037
52271
50600
40243
68813
33255
99558
87349
114530
64822
67824
74643
116732
84195
66990
31211
84262
13619
6349
18871
74939
54819
99965
86091
118118
39268
84477
119432
43438
85891
8804
49082
45961
85516
25010
106727
117156
56694
4677
70970
39397
113759
17509
43150
8200
91561
68898
76665
83218
3750
2276
67422
23129
58433
112907
32234
31436
79335
38587
79629
108818
109858
101078
774
24660
54035
33308
11415
45210
63592
34503
75377
93903
28127
84412
78005
31625
103437
16385
87345
96610
104231
41222
27073
119814
57172
95066
45780
40322
86250
83938
41206
28933
57114
112875
12454
39887
56353
59576
35047
7765
14951
72601
27697
2582
97299
55594
73259
66195
114205
90737
104381
32862
114207
92680
4289
46814
74011
43757
34168
110758
841
111205
117373
64375
96182
72526
111007
74047
27029
99203
53507
108122
53131
54755
70206
73835
