75699
48211
94673
64082
44323
23289
88795
102505
83593
102519
36700
7169
111597
102734
77190
101870
81883
71178
102383
15587
110707
45804
108497
24203
5988
61337
70470
63831
35932
8487
26362
22140
8262
85354
76739
91396
35485
70309
83077
29152
63788
98770
15641
24034
12597
76643
40317
27139
25219
40028
49237
88646
67522
52708
3890
87470
73360
17092
9106
62794
2524
115556
68906
29204
95393
58840
81110
3550
3406
113933
45642
17938
86055
19848
103062
86319
82898
70751
69636
67620
10832
37008
55607
62568
40882
71128
89578
23280
74879
47515
19618
108819
123
75615
76947
5484
24317
48881
11971
31234
113713
44079
55290
91314
95122
116441
6071
59609
88145
14321
107598
47641
85680
644
20108
95540
29091
3608
89789
111337
13994
84720
59722
58857
38296
55166
97076
37305
16079
84158
8274
106906
54420
107940
116187
2601
28721
42537
22215
118347
28106
21712
5875
29571
54429
29022
55693
62979
44382
108210
13754
61103
55780
23170
114809
27365
15340
82544
105872
26662
83393
119553
85197
537
91284
38814
35491
99514
119189
42421
36407
96053
113058
47217
90634
20655
18342
32701
45770
117625
24585
102359
55417
90723
89239
42499
41567
43876
90540
73624
33314
71397
50182
54826
37421
46559
915
93717
110710
16650
57560
74636
24463
381
81819
112723
6668
107382
77143
28145
86408
9657
45420
76755
99819
114938
13147
8113
42544
50861
111232
27081
71953
78732
95139
3190
61310
52829
91586
5699
12617
8202
79460
47488
77339
47773
72811
72402
52575
98795
118292
103582
70002
16049
20959
19765
40488
101683
95444
48239
62611
91294
32006
84589
5154
68710
57528
50099
5369
71310
25151
37160
80009
94612
65731
23951
19606
21808
118488
25087
86460
20629
51731
56794
23946
45192
118677
105441
64320
87600
76130
60001
112750
9234
6868
61199
83914
100223
92366
63779
68844
21225
66220
75982
54439
84658
33168
104480
55762
30158
55133
63761
34695
72813
92239
46049
43165
92057
18383
68656
77125
76097
84425
13051
115693
114685
84939
25891
113461
118892
56823
20299
9850
22694
18104
85991
117087
47349
19657
37523
49432
13906
29538
19536
73920
4197
91188
111833
40561
5826
107877
18753
72177
69777
83405
92987
64443
97114
97747
113533
67839
23351
83590
89350
45673
103418
68366
30444
53519
56170
98331
81399
85252
71943
102314
1004
7026
118354
8750
18152
17512
29142
119880
35807
1415
48826
57097
104084
32480
74
112430
92868
2837
80228
37643
77434
53998
93267
115457
28454
89501
77435
4412
69691
23405
41892
25092
27338
38559
88728
75315
59065
32341
80025
38021
65804
31640
6146
47940
48683
48489
86256
90257
97225
35566
83473
105059
81460
114156
51516
110604
115795
94147
51259
23124
15624
59849
13109
26649
34507
102256
7741
21547
8712
34284
11273
103453
8680
60482
112442
25004
28902
110172
18853
87629
21592
65563
25143
86756
113025
105915
91842
88881
36018
60322
31321
5385
32447
5364
12997
48568
88227
49443
11002
74327
92305
53047
114163
76954
99031
78810
109931
28574
115232
1995
83884
66625
28947
19035
107944
21090
6784
1950
34187
68559
31560
39393
7168
35082
117699
78593
71699
38682
109095
91122
78886
11588
75431
13943
53847
42462
48152
33955
32487
99779
110337
90733
14705
33376
94730
6841
101422
18323
26996
115825
42991
71169
17037
31414
18087
93575
95173
79195
45200
43221
38494
32785
76108
68705
101381
66943
41876
46284
101723
25829
43747
64932
50826
40782
94142
104689
105839
77043
45273
56147
23584
97159
96177
108843
79324
58581
100880
110417
76550
12462
50034
96041
82215
87325
73776
73983
47305
50375
52669
39490
94075
62920
65636
107505
61966
66024
81669
119582
96614
93258
18663
37400
103962
22092
12145
64947
92830
18241
65725
81029
87775
102193
41686
25963
62674
44347
85583
114564
24444
78773
86266
88060
23622
91469
95598
51299
47059
22359
111778
13900
82570
96559
110764
112059
102702
103039
73984
6058
27609
115073
36901
21335
56334
709
41040
117359
38215
49353
97904
5481
38864
63086
41909
90739
33877
28718
78983
96319
13860
116846
96084
113639
71684
118802
71818
55678
37253
23254
9303
90877
34458
57864
100647
62104
12713
82153
119296
7866
873
98894
112622
26795
37542
62419
62115
98807
29348
110022
44455
108002
21178
45641
110852
94583
10287
75549
59750
38938
22130
29217
108494
111966
11625
9912
43746
107219
114149
12863
2565
20867
51704
22013
16181
58463
102928
88620
60057
11068
42130
82729
15356
87502
79557
89584
89269
65197
82334
96582
5208
108017
51205
77622
62551
89805
33753
60271
5096
64404
38934
56476
29944
119528
63217
44039
61684
33457
26439
111136
19553
12168
39675
116119
88524
22993
100569
97826
70385
1796
117785
22530
59810
36058
84594
52869
100914
96207
53877
36775
62677
60663
88906
100834
54933
33716
119442
46452
91169
7801
82327
3027
103597
114821
90745
100403
37408
99826
116327
35790
69465
46051
8363
66388
111202
1000
114
30672
27888
6632
81121
18765
35106
114324
118003
112458
4800
81330
48188
88502
57532
45386
89267
101921
52069
12505
101579
88008
32976
116197
52628
77421
3119
39915
100079
31747
59895
27070
83160
83864
37209
106772
33498
107815
25475
80388
85092
31714
35539
62841
67474
92616
19569
111280
51066
14103
19855
39905
39012
20668
10627
58364
68420
25146
60491
89738
75460
10592
62973
104908
9750
98221
41003
55147
76389
8445
1790
72812
65915
5864
29775
3530
64208
64881
48548
66018
19966
104300
86238
109301
28126
100299
34814
113550
42451
75083
41982
27288
32663
101868
81151
90597
68209
74227
107888
118445
77889
24073
77257
63824
2194
18515
92715
47586
56515
49379
69861
69912
35281
7354
36356
21091
9972
37543
40363
83544
91681
6171
61834
56083
92808
91409
117717
1797
113902
89839
30942
20965
115423
73748
102287
77492
20715
93605
43320
86032
21961
7595
8999
60741
69655
116831
45305
110734
40528
36959
50243
119382
72619
19023
87466
96952
66924
27438
75896
86353
106677
16978
90925
54213
53854
58072
37386
21317
20412
10428
92684
35748
33691
21729
25915
60506
71073
39009
48847
82163
63070
95362
105412
61040
103035
65557
19659
41487
3136
42794
6336
74343
24363
80414
9867
27941
119272
46406
46174
24458
15482
32408
64066
79936
45115
57071
88492
65786
112534
74430
58569
78246
10268
18802
114606
27083
12397
102740
62789
44673
22028
104968
74260
16951
110246
53903
89888
42938
118053
75379
96573
66974
113800
4419
24472
12276
67711
34871
35787
19326
19902
81949
100526
48101
84159
9822
25290
45686
69985
38031
17212
71324
36543
33351
37873
48404
86745
29566
3853
44968
72895
74762
80850
83832
102636
99027
1212
60127
14290
52732
35257
66624
108159
99100
64432
97804
95006
26945
52428
100238
37618
11112
14129
5080
91238
33928
66826
80933
106511
8336
15259
54154
67629
114078
70007
77440
105566
90677
41329
6929
53398
17454
95539
102802
57303
31129
69253
104663
58765
