118701
86444
77409
36173
69181
81945
20811
29784
81365
67739
34281
49567
71298
70176
52173
113789
12471
66908
17916
2033
69616
78315
47523
6654
86450
45238
91581
922
24825
103217
116881
3242
59678
34976
6386
82123
74955
82268
100750
74378
83143
115798
61854
77027
20140
46657
101040
45796
104000
116526
10263
48051
12181
76279
18620
54544
116324
88270
115280
109638
2650
115409
67075
119762
66336
22846
110615
68168
90335
116107
64280
106183
80560
2514
106375
81378
106944
70047
103746
17057
3160
46564
47213
50225
80705
91141
85289
80382
83305
25383
82094
45124
52879
59194
745
100930
9113
106593
93387
33993
43753
96092
79374
17568
84982
108385
17557
92631
28594
13242
4783
111341
40809
109323
38348
12115
8607
79314
96665
62767
20732
98727
95940
18060
56389
23759
111142
34014
68189
82884
4752
58745
112487
39837
111159
25465
119273
55140
119993
46941
57206
66466
21785
39868
64575
83637
107645
114861
60061
18671
110981
39230
50923
57992
53089
90690
11279
86307
80373
101982
64993
106897
82698
116782
52101
24407
97886
93033
92497
27757
12640
27643
77368
105843
6872
55092
62119
95649
39530
58283
27637
118167
88652
58593
116866
114150
11032
49892
5411
11932
28687
36172
24020
113226
96673
92410
87265
117585
61030
100475
67034
39938
54160
105033
38445
20546
31663
87418
86938
32843
105740
92782
113113
61249
63351
76778
96400
46599
64532
63434
104634
34712
105959
58554
57282
33310
46602
70628
67772
57989
72899
67211
30217
115493
113222
41704
47110
67773
65094
100137
75208
38966
104135
2749
58107
29480
51116
89132
76735
28013
81591
518
81099
114850
104961
900
92205
13156
19456
39193
82919
49919
93631
63187
70956
75781
74410
82653
95612
69043
57862
44421
66876
99400
80147
64291
64056
38270
28275
12408
20087
9921
55567
105388
59792
3155
48226
114148
93643
57342
12075
66852
30429
118124
117544
49225
37629
9819
45933
104601
71616
108696
76760
82487
50244
95030
79173
74497
63930
59909
108864
63112
26628
3003
63429
75282
56575
30278
81956
88852
34430
18691
22938
68903
16936
11392
79791
8079
63746
29305
112752
76247
237
111630
86448
107488
60254
14914
104316
12534
50257
107000
104361
46960
7248
44907
79038
31162
29464
70390
113827
41177
20229
113313
22386
100824
46601
81457
106592
118148
16909
40926
25783
90806
54924
71838
18049
64910
61918
100912
108106
810
25137
64483
66150
42199
98793
37790
43199
77358
84213
26620
99504
43383
13939
62358
83608
83448
116617
42762
49775
1139
54614
118114
62582
105773
70574
84810
91334
97959
112425
71513
48893
106659
65422
72790
13637
20643
100354
106182
41904
103073
54018
30043
62106
21496
108447
66191
37329
101090
113720
15861
53015
54203
66472
111927
37143
75930
24629
48385
13691
81775
68226
47471
51725
108748
45856
10499
100680
117150
84423
39336
73485
31007
90983
38509
70567
88313
18861
44122
68006
11266
45837
69595
55662
50403
86282
23114
13748
22650
52083
49979
56943
103594
32518
109390
56156
1384
84265
12645
52519
92725
41530
10910
28453
109194
117581
14059
90198
96530
44525
39861
35861
53872
84752
97805
117755
90533
95582
48420
34018
32415
31495
97425
44202
29709
34122
107454
11408
46702
75970
71941
2471
2200
95917
96171
84993
94772
39117
80282
29023
73953
43037
13644
73136
78398
70301
65874
119050
108214
114639
75948
12546
71595
82313
73150
74663
23995
117274
103938
73515
71919
32359
9511
80005
115978
20403
110905
106499
26562
48616
79343
21020
101821
69176
45057
13440
52772
39277
77066
63491
72572
72998
45707
50440
116545
77394
46985
1084
96390
114092
7903
58912
40358
55027
95828
67658
72803
26073
108685
90866
67847
18017
35016
32170
87329
5676
41080
82728
103399
114237
44553
60096
83297
26243
97717
111889
25623
62852
90633
9835
92166
452
28504
92072
80442
77740
56580
80643
59198
57715
98293
106647
43729
69675
111821
87331
117343
85321
50896
4087
17963
1096
115187
64312
48672
33460
99540
56632
7090
64669
625
25545
104123
115602
52549
72341
38049
75429
2915
40082
114096
39150
105640
111782
2806
44156
84476
95438
39497
21030
43797
99888
109084
39390
94114
112333
114109
108131
5895
56776
111963
50511
73056
93660
2220
61399
118162
67653
117485
58576
30767
88544
43887
5030
96247
2496
53592
15155
12167
26059
61990
7542
699
118673
114867
47516
85417
40274
69303
44597
104594
45984
48025
31816
77080
11604
72654
57899
74685
36781
81476
88699
90127
54376
92570
94592
70009
29659
20808
40504
48067
93881
86996
61365
31217
119263
37995
85652
97077
118733
58466
26048
50576
88888
26805
60178
13255
81395
73619
9749
51915
67928
30355
91622
5461
113258
71899
3063
52987
82714
3910
61119
17825
60628
65167
59932
89763
14402
88802
54483
7888
42436
67999
33300
43562
57169
109484
103606
62797
619
52193
34855
25556
111095
91300
119476
16051
56340
80647
118146
64793
45688
83036
71209
80365
14303
72936
77149
78574
22255
41373
55430
88442
97716
86226
5216
33517
69041
116833
31267
73403
62926
59537
100587
104082
44056
99909
60071
51849
65021
63219
90336
63237
101217
63022
64776
49806
84957
69657
98419
67023
88052
61861
14956
119185
81506
32296
31509
98885
51590
68690
13247
97152
92589
43153
62377
22516
36535
99072
56234
53079
32653
32024
21722
119659
54836
119003
65201
82223
101826
51352
85067
27579
16975
72498
28961
6328
53096
35370
107659
117149
69278
41723
91653
57588
116698
66982
101197
119545
57266
240
4870
113828
54623
7946
80540
10541
114773
67541
27110
23545
96404
4566
87428
98694
47889
106124
42416
30745
115763
95349
96798
81553
57780
29252
29270
59200
105070
119448
69495
110705
3848
72618
101908
57999
93502
59203
10852
73336
16333
11451
43070
12517
35378
108290
27986
12380
113949
21154
27708
112857
54385
48237
11860
31832
691
108446
41061
102442
15544
90829
9477
61405
68375
54988
91563
54513
65028
15824
54593
85951
11004
65951
77590
17043
50631
10400
66108
22923
7458
46272
7279
65906
29039
59681
87692
22128
81672
26586
51154
118416
10460
89613
17570
87940
220
10623
16308
58409
56652
40843
469
12401
81849
15424
50462
115525
4108
85804
96652
87358
11774
78257
92359
119335
31403
11353
22931
101754
78500
51541
103670
58921
56683
93221
15343
99213
14084
6989
116656
45440
21135
39093
32420
144
86402
44161
38868
16158
15925
5402
119326
41702
117154
116438
101646
14589
117508
44466
7976
51552
39192
65917
42459
82264
18456
69296
67397
23356
62306
65497
17690
34742
53617
56059
89845
89085
108075
98154
56481
90718
47186
19581
104200
41062
103761
80776
39814
87639
90310
97620
113295
80417
50778
117353
105660
61733
103338
109534
9192
22590
89948
66734
1342
89287
6909
17779
108444
102075
114886
12956
101332
44642
93621
59007
43033
74675
71503
65905
55928
113112
6485
14264
59476
41081
69537
16605
47775
38191
19199
42334
84730
92867
63437
9010
112185
28130
48418
112299
116598
69372
30149
58098
6928
55692
96969
99143
52192
13554
19362
107728
107806
15126
64999
81507
49503
46151
39421
114410
38863
13439
59223
12637
74900
89072
59814
96091
74534
39800
113291
8223
43134
108649
52033
51361
70352
61150
111024
115051
76788
81550
89526
34935
4581
29810
46551
76785
30266
116318
57131
15577
79515
90063
25245
75204
9832
94411
81729
37904
96136
69827
35374
108568
96757
51938
104289
104930
16483
62591
75325
50315
25427
68425
87933
12495
97160
77251
107070
101668
88353
38192
3379
98568
3270
11828
112687
13125
85019
72276
9679
9172
102000
9290
8784
102999
76984
108648
17085
44661
101686
101662
50690
8405
28834
5341
15918
110208
67413
15060
39416
68090
28692
58128
98676
21715
14474
106923
26876
48447
115764
39916
49492
13796
73760
80413
68431
35333
52596
17758
29335
70448
26593
116342
100911
58341
89582
55871
108848
33440
39181
57636
119947
99386
6054
57032
25276
5629
59572
4107
46409
110719
45626
108154
105554
103900
25077
43801
82379
11419
30345
47133
106117
110821
97579
86241
94578
3512
12215
27182
82871
40011
96254
53192
70963
97521
57372
64585
13744
119694
41589
87535
40367
38133
32221
42083
53031
38770
84978
69956
80736
61239
13221
12478
54192
40491
98050
113547
77213
78322
47410
115367
52098
101135
80213
9994
13092
54056
89147
1786
44425
57703
48333
117432
40550
22717
16453
118345
114419
65415
47841
117838
73067
79624
67214
94118
37647
64919
13593
116376
113028
89216
24784
7448
4120
83849
686
5050
78120
5204
2099
56099
98278
94528
15452
19836
56066
27918
38016
101311
78378
22353
92379
58539
92242
32108
107018
114115
50571
79472
14978
64223
44385
42663
53329
15666
80320
46525
45314
47804
13883
57863
115808
9230
39359
81411
7684
34873
7943
50674
57987
72145
1422
119839
35364
72440
111255
23077
104552
46884
112891
38522
50999
84591
80659
6313
78431
43396
39110
39109
111104
73113
61203
49810
7874
81818
83784
24108
103285
111806
112433
80063
53871
54477
5921
83591
71782
36463
10928
48750
39707
7953
63122
87750
91372
111479
65581
35193
58018
62514
60154
66353
57255
102482
78116
49615
81588
45092
22021
76506
111020
31973
83537
86209
72779
63689
5150
15366
108169
33642
41372
44348
99570
7153
42892
62715
1093
10780
14418
46990
92095
81564
31255
47802
91671
58340
109973
87362
88613
73841
6045
154
32629
31187
67195
118545
65339
96782
51901
67514
22246
55058
90489
113923
52577
79489
18357
87545
23247
21707
39625
51771
42010
99465
31425
106256
95912
84171
27397
115692
28610
13228
49575
13579
90673
30045
45745
38571
45429
64431
39942
6294
4961
14927
96764
119347
59077
117036
48730
89507
74842
25062
13878
9035
47726
38096
18296
82466
81407
57424
78571
57096
98831
8944
35809
83190
20278
39909
42287
5739
60021
31120
64899
63089
79488
23027
33185
107324
36618
97203
31833
64696
5909
42422
107918
11563
49453
80055
4267
37316
63562
104819
65198
68834
37275
78513
22132
87896
33331
90428
94390
34787
77315
57687
69250
38624
73894
71592
50611
109684
113626
34767
17063
36040
61440
55064
108827
59488
113019
23673
8032
69262
86514
88280
38674
88640
100762
10881
