65080
9278
45197
8502
32832
13532
115598
90023
65707
20595
88494
87990
25158
5145
23310
86993
25355
39305
25667
34714
104664
69877
104821
93442
56338
45134
104464
97188
94881
81791
16145
13234
25905
114384
79232
115003
64818
9551
4021
45037
90420
101752
25102
27267
88975
53318
78452
14701
7678
1756
20450
41044
75814
34903
10638
51246
77012
111687
11187
89512
74487
7284
32801
78848
38227
7108
65077
7752
105533
90152
98902
108872
63084
14900
40080
10797
2677
76906
79110
75979
98224
20224
60370
63324
54838
56646
14248
93963
48008
63688
12790
88030
13382
83764
93128
37368
75851
83350
48772
9918
43979
21266
109333
16134
77854
6818
21765
110500
78809
558
21911
69456
34457
119833
18096
73191
103870
46191
82100
89692
61979
4032
52250
82956
73812
105699
99010
22167
13659
71596
47181
4232
17173
69195
32575
98350
18919
106119
47565
51733
50260
5085
68091
105140
54389
98683
66214
68570
66847
45324
66897
29146
14768
70336
117185
94202
75521
112952
108522
55824
88189
30379
10118
66530
48723
98084
82012
61832
113270
73453
36491
54204
41518
20115
30649
98366
66196
88935
62507
92354
113410
33329
101644
15934
2371
29519
66647
9938
48394
9226
90454
33827
17805
93589
67508
118192
8439
38363
67278
92453
47830
1767
44575
109965
80328
65169
31432
54027
77465
78279
78168
31039
28466
56589
70008
12277
81244
1675
106128
90169
65708
85271
23319
42064
55441
37504
117341
19819
4153
53127
72596
4051
107742
118814
117521
37850
78552
24725
79875
67253
49451
32399
48423
4839
5220
28210
47297
6787
36405
49420
105422
14862
89918
44428
71627
111991
20733
63097
80794
119657
108454
111666
60618
117354
75799
62539
64931
23487
31292
113439
12914
65657
9283
9548
4477
31864
119861
114068
61427
99157
91197
71407
105631
85435
13210
91793
1188
30699
108692
99902
97174
99729
62487
66659
4826
114965
6423
106517
55178
113770
100616
78896
22058
7589
99055
29710
51974
22330
43021
102023
81060
65521
15964
52926
24914
77652
48888
80460
96316
9634
39462
102011
40041
15909
79367
111223
7726
40642
21265
94076
9204
93896
579
109718
98349
22943
15261
117673
51502
49624
60161
34240
82278
114080
97146
63565
115997
67340
62695
107608
119771
30007
55981
103386
27632
77405
9583
67246
10132
90182
1897
24634
108128
43703
9986
90351
80310
113681
29887
116581
87270
49742
112666
19641
24358
111799
20041
49699
34137
35512
91992
53772
13965
58315
47143
100682
78867
2573
65989
98192
88446
102390
95235
33
113289
70593
107215
76519
79655
35570
78130
74461
596
110462
108383
77498
74642
9545
54138
66051
23819
66180
58878
87479
38982
3040
70406
57581
30475
49234
57981
6087
39100
54217
107212
69376
99285
66227
41178
90727
85475
94131
50944
79272
54514
48954
96585
112363
54010
19550
6647
68765
71727
91442
88380
9124
18973
105092
9364
36902
59565
45824
33729
32939
28800
26973
7352
25333
69158
9470
42579
14876
47819
18759
23012
78474
47225
4018
112346
85824
55531
115867
68505
68912
55333
62805
99785
73817
80955
82697
48647
3941
116931
60079
69429
26378
13394
106729
79796
101985
109062
598
102748
115568
10336
21640
19997
857
31576
63225
5816
20155
46836
85449
108548
106826
105752
73309
29903
119395
109182
75340
12514
4912
110362
117062
80707
363
107677
26536
67842
17749
30023
64607
53665
88547
34597
62818
111110
72100
74333
43365
88148
96846
115015
51528
98860
32424
96403
39974
47378
95047
118900
86197
39374
119118
103237
61625
24187
102730
119182
42468
77310
3154
66744
63623
19690
54697
82105
8731
113711
82736
9420
45317
73278
11111
99023
85918
52147
50436
56209
69548
55672
112321
42983
20934
67670
118085
24113
70855
20360
43470
34403
8598
24497
65303
33195
35188
67343
23130
4689
72442
75582
1294
101701
20071
101841
22718
71635
10353
106855
16408
114818
48052
111536
20591
20989
24294
47575
31849
111818
86907
31770
76631
90373
51382
14410
31548
70722
8277
73652
29918
6662
12435
108999
106044
54193
5898
65577
109946
18127
100814
54311
85528
41363
105112
114477
81077
42828
1410
61472
39565
12819
5657
72427
116504
16756
58958
92954
4702
33683
17431
118255
24597
54530
6985
70642
5658
52639
74532
24622
111789
101231
117137
95999
39898
69604
67971
71734
114456
117225
85656
37324
10429
63951
30170
85117
41652
83883
64843
74065
41187
1233
23372
98271
88903
93568
67634
47938
4105
25867
41922
49688
105718
67621
115215
114865
23149
103422
28991
78364
46371
74629
5314
34150
31225
32268
65602
17529
53531
40176
39395
16429
54650
87895
64540
112550
59682
3891
51180
80305
5545
54093
77236
38341
79132
49251
109495
32617
116589
17854
12804
58147
83933
85718
119790
99521
106385
110749
41376
54128
109236
46794
54695
17701
49018
67967
111010
89973
59307
114961
9996
8851
35502
48519
116829
79839
48690
16880
18543
81284
84115
31733
96277
4024
112077
113387
101615
62633
75297
72326
42243
36574
88582
99423
27472
102040
105542
35130
109634
86525
105120
53237
8356
8034
82405
114791
71302
53390
83503
104444
46060
95871
13055
113373
115340
86832
48314
8761
19975
80162
75058
23989
28534
116111
20025
55472
38378
17194
19771
860
5093
96501
48545
32095
96908
50948
30663
38779
102061
94260
50333
85637
106903
20077
17427
12011
51377
25823
43640
91507
80144
83294
99875
70931
17598
106426
4847
26143
2713
113958
83975
97113
64754
18536
45619
83739
43102
31451
76981
40127
113286
34938
43360
28761
87798
89787
48576
60611
96916
25499
26818
4976
111583
18380
46384
33381
101306
86041
83676
97608
36767
60261
52867
420
90304
40007
106577
119485
65078
62229
15715
46202
62998
78974
106722
14033
93194
115536
10902
26725
26524
113996
64992
77607
72715
108772
97180
27922
95715
82896
14884
66479
30685
33771
22384
103105
12287
93600
16094
57912
97760
106852
6030
82081
26238
82032
82572
96102
95624
105641
98348
48900
8716
7401
113842
42724
72969
58348
95654
70006
83530
60653
67197
27976
116662
56597
58757
108759
40679
107985
6438
99166
76538
15506
29573
19814
91689
87484
21434
12661
41765
76221
9292
63713
23402
88365
60312
80878
84895
16061
3615
112362
76876
94978
13947
48040
89853
64276
5802
115140
67280
116046
68541
104928
69494
28940
66710
95836
24462
115937
55731
29256
2597
102651
86222
96249
28416
97315
29394
118870
457
13002
11008
96129
48975
12346
92040
19695
25952
119995
94104
37552
95722
34564
119958
2694
4923
92362
79554
45242
48508
90562
4161
93046
64808
9780
8816
74222
37963
63333
106106
66392
24693
89035
111667
49536
19999
55317
68248
28888
49435
24204
9802
49679
6754
91108
15962
81901
29450
53959
55363
59092
55634
84247
62903
20471
71737
81473
68892
113145
78309
103654
22637
103954
37599
111435
19818
16147
60606
21360
107639
52997
242
28125
102843
105045
3426
103805
95333
57486
95466
40395
46081
45191
108628
111545
49472
109528
52443
91990
105794
88252
35143
4623
91562
34092
99345
42918
25723
95732
64318
104834
118540
3937
36382
30265
80963
108903
107204
10016
20389
53450
89252
56464
30577
81162
22980
36513
70368
114772
60340
101650
97196
31489
118559
31095
8194
36631
78738
71122
14502
82684
61426
34704
28722
112889
20880
116020
8290
27516
113498
92592
68840
112732
66161
27575
88469
92438
264
21219
59066
43534
98329
23249
58483
34204
92886
78724
23862
81907
96743
63731
27515
49844
17756
76537
31886
72902
46360
118091
89583
94447
73226
43864
38045
11321
110737
63373
93723
46917
107631
2640
113631
3682
648
113983
51197
83052
114103
64050
90272
49282
89800
43825
78048
105314
99808
23818
55548
15225
69890
86189
22146
23284
31801
45281
67819
77576
100681
68938
114373
67519
102337
33248
102
47887
4431
86259
52798
39790
90060
102672
12223
28469
62062
29412
50817
77988
36485
47857
110635
91283
88422
63105
23360
57057
73578
29503
43519
72742
73905
27825
39289
48670
87756
85295
56984
91434
71665
95269
70530
103650
73562
29537
56200
3408
100332
72841
24714
73103
91020
22648
35277
42265
31074
111126
23492
100041
26408
47036
17169
6922
58744
24688
47320
65542
85195
105157
4256
18470
39920
82165
16990
61703
103414
69524
74205
53095
98765
7854
17904
115783
66848
10454
64654
67200
65138
79654
42812
28441
62275
64083
76489
89834
36245
50188
26295
91927
66786
66490
9649
59030
43758
81396
74997
112835
108935
72825
9080
73167
61102
16559
93626
15526
15210
105344
21915
41875
113202
2866
75279
30746
96897
77193
66570
24927
38637
93218
111994
73686
101639
4840
107051
29635
4621
2005
46882
5456
73447
91954
91397
86556
34220
86028
80700
48015
9105
107381
46791
70852
83939
19628
38857
99525
51444
31748
98769
70064
2052
29318
24850
2964
235
3855
239
77661
86825
75553
75004
89270
30997
37499
79781
5703
113006
10078
27831
34555
43017
9514
74284
104924
2922
48154
93256
111529
49530
13888
20850
25419
24763
41497
67006
21294
93485
56266
15436
115547
7790
30934
76830
85813
54124
44807
114087
64124
50765
75065
69024
40146
93676
91068
68949
51133
96028
1117
45082
45723
81660
42564
58232
97815
63500
19859
111054
3116
55497
50175
21344
30153
6939
114700
100704
107081
59597
78502
7970
58850
21207
77815
35477
1919
35926
64088
50265
42763
61513
83816
4921
29500
23922
101586
91445
50733
42398
43529
88590
45012
46292
41162
25818
5779
93533
66087
44236
54628
15694
18703
92588
10903
26997
34174
115871
116415
61592
30424
8382
70069
92113
44859
99767
57584
115224
69418
64212
87978
47449
9881
27889
89253
93057
74024
104816
108804
113245
78016
75216
101067
118279
59506
95403
114481
4248
26492
92220
64346
112371
81540
108788
102157
105649
8379
70841
27230
14325
72475
106684
94422
9498
52269
40841
54808
62123
81558
45053
43822
37080
100320
113511
39266
96753
8306
12686
89595
25002
94324
41452
92767
93686
27557
6855
13306
117655
12583
118822
40443
69090
20279
5247
25861
33432
21083
4915
8675
11165
82282
18951
67150
8395
97183
80802
103902
64745
76647
109184
103555
16121
5994
20570
95964
58028
57784
49161
54446
94786
81372
104127
79431
95796
72947
87790
106391
105454
90980
99305
82516
57812
88628
109485
27742
21891
28953
81943
93433
90313
52163
96238
54224
94818
47117
13855
96975
1175
36226
1902
112070
39014
85581
20177
13551
25128
114770
100133
15845
72011
33555
38376
40039
56722
67167
32352
23305
88112
24116
52113
5449
94062
11420
98692
38481
71569
117817
11056
29069
59382
5611
2815
112308
71930
795
16919
31853
34728
54961
52129
40707
90704
110539
84439
59858
77444
119097
15690
113831
1108
69051
117723
112040
65436
16351
101007
29375
24280
104188
57649
24809
77922
89352
30009
58108
87469
71192
108659
36265
89016
63823
114180
62783
14185
56269
60130
108492
3104
91449
66873
35724
33767
108782
5505
6050
83515
15512
79355
66406
58109
100721
3754
114587
17604
5736
45554
116172
110117
80594
58430
119624
104947
88290
47360
49815
55253
74149
60342
42208
94901
118823
104510
60219
24942
66780
94794
61478
45632
3070
64024
103176
8182
66157
74820
30390
94292
87651
88876
48233
76574
35434
23535
45595
117309
49867
47705
63320
14562
31771
85290
53843
96539
72428
88319
117916
72216
2938
4669
100033
60287
107387
13570
45840
14707
8678
46864
41843
83680
36171
10859
103150
118296
27592
8156
3835
95926
43765
73967
28926
24175
81796
86837
85448
103077
15335
72503
76827
80452
38275
12212
43156
11775
93024
12416
44932
84867
81248
60422
53012
97576
40447
40539
94812
29972
68130
68467
104340
87393
115231
79651
19437
85105
95336
83484
57369
86983
12610
82753
41854
11049
18711
86455
116592
81981
55554
9738
107637
78137
84140
36650
79009
48242
6044
65930
82175
7027
119818
17142
57049
92797
112455
35463
69620
6131
1060
25912
44867
37999
13880
88315
35800
28524
82399
20552
93679
90070
56616
17281
93056
117061
110626
107361
103133
71130
9849
35915
18338
33684
4354
59268
42551
2320
81030
43501
47989
8278
104522
10157
7606
102130
20058
39137
83794
80682
65068
95526
3607
71720
13320
35010
23099
97289
2832
31517
69282
21647
98287
116590
102322
63004
27196
30186
71219
20825
43530
44778
58162
58714
42040
71575
107272
86554
90601
48055
113643
102539
45509
4950
67346
6831
70083
88401
63600
90316
57076
83383
87613
44244
66258
68487
81572
43924
33464
114659
48049
111949
92032
83916
12688
5922
37706
65312
119025
64292
47033
54934
4859
18015
89278
58527
83619
40850
62293
108909
108880
35789
77329
103434
97771
30477
31731
104016
95575
14145
85266
27956
98181
89996
45047
95317
20296
46448
46906
13954
7160
21993
62341
38604
29785
70234
97023
23081
59033
93063
105577
84834
30328
33604
21667
73261
95152
4644
115919
106103
61315
74623
101294
59051
73042
1503
85222
71736
98815
36311
29712
81265
110366
42650
101624
117513
62619
115859
81338
41790
48443
97093
54164
91817
82367
60915
30364
22881
63818
50679
74340
11338
496
88634
68998
51474
1182
11071
41637
112336
4500
77030
84092
22333
5018
87322
77078
73602
91728
87744
30556
29321
4661
101495
92710
10399
9485
101956
38056
2586
100351
53970
41256
108600
63805
21354
100136
62465
83856
99753
35329
73994
102112
32938
59277
93401
76910
73563
12427
65811
5694
54462
41030
3606
36750
24837
61079
67415
91148
28397
116556
46149
27017
74026
102520
55771
81592
89673
12410
16248
44679
114248
105984
89869
22580
85858
77021
66099
95544
115296
37440
38630
119479
97061
4092
19742
84198
36470
61570
87143
93492
40437
33221
63706
37689
67056
58657
48357
13671
85657
38009
17329
110453
62180
89181
16206
116269
94649
77163
72240
16896
31105
82905
82882
79591
115234
14431
63011
45923
46442
66559
34266
33967
26908
93873
52770
115954
111722
80433
13926
87275
28484
34463
14152
104358
78307
15923
110978
111452
60259
21706
33534
20979
60216
106204
15504
67702
8775
493
20191
67764
79619
117026
110451
70369
27046
58176
13229
75527
65385
116514
75374
53802
3366
84117
2803
108394
111671
8894
73396
25139
93822
78236
13366
38410
44960
50761
5805
36276
41994
67405
109263
67495
71722
89889
68374
87550
16003
80936
65009
55707
34358
20065
16124
36718
82671
11129
17411
73676
19608
69873
21920
99593
8341
87449
42732
117509
109417
72971
44351
114829
87166
31454
7611
114448
73767
74426
67308
19700
34038
56245
82396
51077
51164
53472
40896
35591
14712
83089
38230
18009
21676
1684
1369
83841
8344
10808
32914
18963
14632
74771
44031
27553
96444
97243
118253
5881
119912
23268
5625
25166
117853
7062
32990
19557
64820
1563
71048
102529
112113
17223
27357
55449
16819
33888
25998
115430
100590
56285
16551
54050
24309
9736
14512
19831
91381
97849
79706
63641
19196
77794
2319
69802
92667
27095
52218
50845
25553
71916
59097
13742
29046
21903
48251
84073
112097
70721
12079
41111
90265
28036
16760
66459
22836
40526
42618
23467
99220
5928
25399
89018
93021
57308
116772
100116
3012
69803
51902
55094
24404
53897
43774
56167
38032
108282
90306
32500
46723
9829
23879
1802
1201
43945
2647
62314
119636
117004
54269
31557
56418
37905
107841
18322
45886
70943
76961
81528
19424
42628
98110
18560
19266
76373
13006
65220
48909
64353
15029
106099
1575
102922
101999
109892
45267
7243
112284
35092
53631
12319
117024
12971
113165
57883
71933
23494
45878
67219
16427
94879
9246
85482
56444
8753
89524
13722
99086
11174
104972
23052
6952
73787
11607
9457
71792
90404
10879
27763
38451
23970
86908
61809
93017
3552
94851
82662
74152
34157
27421
15846
2013
23148
19217
82605
89396
108552
18934
112621
100638
8832
1893
36503
18772
115192
109374
30982
85386
8025
13782
97349
94048
4322
36377
50785
33510
93048
118060
2210
17850
105297
110367
49975
58899
18840
3828
94154
114574
23933
113963
88136
79909
57953
82445
2230
10726
51868
94120
105242
11778
82903
29873
78421
25387
11202
88363
97214
78641
23996
69398
81466
32635
37795
104134
117839
10653
100294
116101
73369
54251
114500
16219
72141
109554
118765
102834
68878
96288
97490
2325
93346
22379
95558
17047
108480
108504
40008
62961
11654
64836
55513
56153
106870
19648
22364
32451
48352
24965
43425
9118
25714
77228
59680
27622
51802
65785
12871
27329
28069
33721
70031
65809
69070
116785
55774
3885
71993
60621
90370
10260
55387
65122
8416
93728
84015
90981
59397
78897
40879
40417
43895
63483
102451
86357
68302
112283
94160
81809
54899
111902
14141
112398
50086
28582
55368
18684
98314
8576
74028
74569
44720
35505
51881
38164
45693
99308
59519
4537
40096
116348
101815
32062
4911
24278
25812
92414
79209
24031
76050
54295
11503
72425
27779
113567
39112
36390
30336
31521
88428
76950
14730
472
52323
67998
42716
83745
98156
21464
68759
117257
36546
33539
39517
20971
38995
22670
22935
110661
22690
34957
76218
35255
116536
27939
53996
103315
82438
51751
102732
32142
60201
95023
38999
90648
70189
92446
16625
2037
81431
5789
5246
18606
3460
42791
48960
66348
68711
45562
46841
100484
32855
40770
82053
1260
74999
99633
50136
51501
28400
82118
38359
105019
41752
73471
54659
106883
80612
5299
21122
109690
38841
63121
88794
35278
94702
71694
14186
91747
51381
20897
51832
97724
4505
6918
106871
71138
113885
47205
12381
114901
44964
47682
52768
25848
116163
28366
71467
19935
119747
56096
47142
36711
45740
33407
36240
52659
45764
59175
35298
86933
39408
82834
101010
118625
96394
96170
118297
41747
32463
7037
59867
65052
20593
100755
68253
20674
35863
67694
2827
10877
5861
73569
56570
58560
41808
54681
13140
41473
33786
57433
74140
29126
51539
118705
17176
105234
71837
21082
81038
63454
27342
51302
76831
75880
39434
33713
90818
114142
30543
97676
92146
99796
65776
54583
114268
19920
7704
119538
25135
3897
107555
40578
111683
96234
1068
23869
118930
43870
94943
92941
39966
112409
112525
47874
13130
119124
101827
31486
98014
26739
102907
16686
962
113240
51305
28290
109524
16482
80904
87808
109518
5223
69124
47121
108968
99893
21596
24826
46400
113077
12166
22344
104710
107726
36695
72620
28584
54424
9582
23185
17994
88167
82507
26831
8039
80399
59960
15158
62690
31134
22010
10449
110825
37375
60016
116966
49974
87107
1807
98628
9662
71834
59854
56033
21114
42946
4341
33024
92966
66280
42162
39587
8081
55654
61355
87005
41320
11201
72762
84315
3547
70624
79996
80585
75218
59098
25017
77265
68988
7205
90832
42596
50927
113400
4686
23727
74724
81345
2185
108507
111327
12216
13948
42697
22794
81226
96323
92626
56168
60031
31499
2930
14972
87621
109786
31354
53956
47201
52237
7171
54267
97369
41732
114763
52182
102714
80906
99442
77786
45658
2816
27623
39807
26134
8892
63604
15113
19592
22806
22426
81713
62414
34487
73683
13818
112219
110896
99738
72039
67735
20832
113282
82876
9012
60009
71912
19730
77758
19445
35998
2982
114165
117909
55859
95658
44721
101926
10554
85312
86201
79604
48877
101066
21840
48125
110042
74940
91683
50363
1996
109258
43489
70073
81657
45130
48143
4231
100432
73574
32721
93180
39300
39376
91885
39895
28345
24302
112498
54014
71101
40225
11969
77296
109893
76602
115746
98450
99197
95935
72732
561
45303
34160
37574
13650
28839
107218
31684
83991
9604
94805
52871
33420
48907
84201
35315
94832
92212
68106
27287
101487
26494
95723
38393
58349
56654
115481
43032
87296
39182
7955
114877
98067
14906
26126
118324
81517
96944
112912
5286
109089
95135
117437
1617
16831
98819
44306
44561
84933
66546
57392
45582
20927
44934
71203
28512
78695
39771
76116
43558
61306
48121
119226
3369
70453
109373
111309
80923
31936
5068
38442
96340
94509
44828
70719
44374
35079
102247
88789
43474
20397
37635
22702
109608
30612
68094
24225
13162
86421
26975
95377
96821
112392
82234
55339
86533
77200
98723
84216
12544
6379
2563
30084
44757
57756
17213
18213
64555
2695
8847
31450
111008
78572
102217
118391
89402
88190
38877
78834
43565
48581
39719
13160
67529
61929
2606
97396
3416
108754
91385
67138
86757
90595
4514
7901
22500
67436
61350
102389
31655
100045
107080
103778
34930
59578
110808
21042
43893
35427
34191
108218
87675
85760
189
30690
62156
39065
97562
102820
94522
52345
63126
96720
49259
58488
47760
38660
36924
32250
102622
64482
44751
65249
8432
93669
40474
116245
82401
46078
3248
111911
43469
69048
102361
73010
66481
70108
111261
94079
55152
6983
1211
46800
116059
18969
40014
73595
10458
27526
110190
10869
87660
99260
20799
20634
107779
66044
16126
117410
47998
52455
88463
85182
107310
64511
77191
34737
15589
7558
32040
20819
30066
102455
110728
104982
68221
69009
9487
