43633
108808
60512
86999
114202
108994
92633
24013
103406
63051
84407
36252
6535
71460
58440
34872
31991
80550
45185
85127
10013
54854
76781
106527
48744
14703
101428
112271
19840
59008
99650
102214
69626
29827
40698
97808
30584
87289
96124
9725
6823
44771
17158
68118
94430
81427
32331
108865
24852
95997
25203
69117
46154
55561
15781
69607
5715
1928
32274
63677
46021
39773
106034
107763
84138
974
98575
25261
76824
20608
40538
73348
55896
119745
10549
12301
59709
67119
32839
104936
41603
44130
90146
100371
99940
72538
70933
25473
54742
44803
35199
104792
50587
27563
1841
16350
29563
1804
2391
14574
50638
17461
59625
82010
118507
21406
112813
16843
74666
7258
47840
95069
51431
3544
113990
103047
96663
33766
77218
1793
43182
57125
44460
96659
25016
92080
33307
2621
89629
5081
109310
110371
46486
104616
29746
66800
78873
81414
17738
91353
67589
68102
63598
48814
61143
5038
24235
65417
109868
31723
18959
8351
40908
118552
20513
38042
27071
96388
