81754
44946
56928
106983
96854
8304
13148
59734
70830
108324
57219
111678
45695
94471
7521
64442
78176
56450
40
101056
32589
41367
56731
96587
106673
72339
41389
149
31971
53527
15665
50349
118442
20759
16504
59204
76539
63748
20145
54182
98756
94193
460
100903
46863
40617
11813
43130
104430
25887
72555
25186
115955
32708
96163
58609
53376
109496
25907
70264
10342
63014
42312
7482
25940
53805
37840
21559
115260
30763
2957
102552
59032
108654
25454
22089
114986
51561
24766
112965
49929
6073
73078
101526
116434
46548
110755
57514
71479
64880
87876
36603
11962
60193
33659
67868
33410
68393
95277
89471
18518
65108
42250
28617
32552
102540
53632
102042
47673
101773
8206
93206
25830
108739
13190
99324
20903
8741
91189
33249
104673
112563
33628
106638
11918
70910
98515
96639
110639
103115
26852
77563
97377
51458
73219
7984
104520
1041
4463
113508
97341
45964
39827
82852
19736
68233
13276
84301
83032
101661
47537
64853
114789
4698
77706
66591
89131
118992
58853
92953
20929
71456
64994
83888
87674
15362
8012
106819
51220
43571
50841
106020
37366
96345
119974
24594
3764
96815
86654
51380
9933
1674
36935
59045
119173
98168
32225
36391
16997
104866
54778
57885
80645
32910
5710
2962
19386
68663
72625
57287
102836
32651
15283
108432
4359
75155
46732
24864
31641
100009
1204
92755
34276
10145
8957
79277
73142
117664
97032
67808
15820
91962
79433
109818
46806
50166
58966
26322
57361
79448
4811
72401
73294
84330
33749
76965
78411
116298
65651
12924
59539
93768
99897
72422
72272
118164
91464
38729
112115
105313
30884
118667
50102
16410
92637
98631
85034
30289
36428
33251
97308
70869
6967
75955
61450
35131
75183
69793
13626
78424
32047
23252
118074
94456
73801
259
86224
108562
19585
48142
70333
105904
46537
34408
17146
74891
113702
40308
77042
49331
95757
3727
59075
22525
116135
35855
87650
38151
75600
38379
61172
75371
76175
12469
6926
11430
77156
22471
37148
70849
44538
113062
92155
40295
2274
19427
111512
27431
100881
76933
72311
115528
73951
40627
106894
29332
114242
93816
117085
22853
76328
55332
74376
16716
44001
64594
67840
3721
21928
75762
97916
85302
49126
93973
64642
5467
22569
33281
69225
108072
35839
63790
33507
39296
17741
101443
10737
106604
81183
115325
79189
96941
88712
17419
72167
50300
29269
79134
90895
19798
13640
118489
70040
27893
64403
28472
106935
26985
16220
95123
74813
74032
74857
72130
107201
15621
103988
15429
86255
90222
26786
9979
63740
24663
67205
106641
116030
2429
70215
51295
89144
18824
21036
61000
21739
52680
54913
49417
104208
105761
111339
42297
104674
98658
34608
55425
43063
46808
30657
37545
506
44522
48926
60577
67303
113993
84070
43116
85920
87263
37445
40057
58498
34908
114827
17572
84716
12002
4196
78612
44180
39337
114554
30711
82545
88356
109135
77532
35357
109652
93743
68825
51039
52828
87800
10608
105755
76922
78023
99019
107787
16343
26864
3236
9132
14541
90803
105294
49785
72632
68195
21474
43973
111743
42986
62843
102783
13788
71898
29380
48334
100503
19895
106611
21800
112792
105065
68463
95634
13951
111658
42937
55207
45045
4656
92134
14713
21777
84512
116737
61899
2057
42520
112980
115244
68945
80182
111297
75882
25319
93603
97144
24468
114224
110668
17008
12939
54113
45777
7966
90450
70308
45527
112628
8842
79954
76407
1890
4266
65727
98801
71185
51896
17162
103658
73140
82243
74414
113370
69987
98736
105464
105410
25936
86598
12390
50205
18462
22871
67142
53363
36979
47426
29293
7941
27249
21732
94155
43598
41646
4091
26173
91965
107530
44822
77121
33393
55328
57638
10368
20089
31722
28716
100431
92171
33001
8840
77486
72894
49588
111220
40787
22037
106643
15432
61003
78301
24111
115175
52437
15802
113568
36495
38867
16569
58775
45510
109438
36473
63284
57854
34055
91584
5255
41157
93613
104471
53716
48212
58194
110078
78665
102507
54945
112710
33337
90827
