115737
87060
30351
68600
1531
50180
27730
73192
56620
41244
32479
104602
118284
53267
16870
19097
81911
65846
41149
9029
53245
87671
78274
107277
71107
78619
87063
56211
12267
62496
32954
64573
43888
81807
7691
105854
88371
71003
9205
60946
20431
69313
69033
93374
42402
71795
32955
55349
103944
16604
17928
81303
82923
36219
46354
8172
104885
48123
73338
95408
34188
80234
22564
36639
8669
25223
72078
117645
19085
48120
31288
110197
60744
8749
76398
80930
73568
41156
93022
106364
7417
88416
46129
88848
30031
74412
105902
67783
34629
115274
118068
20500
76122
35896
79485
100537
38765
3587
97727
13996
37015
29884
35124
80674
10684
6483
1591
105136
24932
75841
116293
109111
21412
85293
16876
34333
103548
39417
118295
3901
17658
94693
42157
47035
96939
23695
38181
110594
397
116355
22496
99334
49734
39708
34816
39264
59748
88185
24095
79754
35139
54047
100634
96676
28858
32264
53567
52721
33781
96502
70346
90926
90492
44367
4349
31603
105879
94946
87465
103602
23890
109553
110121
57011
15893
118400
93749
99709
102616
66245
12531
46744
43298
10113
29016
97829
2812
28589
24377
60989
32805
84826
16590
2735
23500
51400
88118
4005
48879
78239
88412
11762
70584
56301
63771
55638
96060
13956
16087
19405
108572
53470
24105
59040
36855
94092
106029
32986
118576
10968
75878
77980
56194
25188
92133
6393
9506
28622
7642
12285
22873
27769
52011
79423
87323
65234
16857
107441
36679
115958
114466
108416
10818
108041
99631
11975
40078
22566
70685
119984
119866
109499
37129
102697
10033
28173
41069
28867
5079
79262
8394
91899
37557
95311
32153
35556
23638
18466
115103
61363
75366
59470
14515
32848
107316
13656
49822
86181
40715
100692
88612
99605
83322
39135
2308
63812
100831
23956
52077
109709
113414
78430
79349
29904
74913
73029
78020
97522
83865
103770
13068
48645
11449
75627
3527
116553
90869
57968
50048
92824
100737
30389
62183
69920
115549
53052
5803
80030
92557
116448
86175
22163
30784
79013
58291
113491
92768
101102
27602
81606
17990
57601
17888
47224
113518
116070
67542
58621
48255
32973
63863
94466
28557
74172
107312
453
104854
32516
109175
37712
33838
12098
13203
92696
33449
58446
112443
80186
37782
93740
44120
36193
30440
36357
82048
26661
39559
73773
109739
113256
92271
100796
108559
54075
5390
48770
33183
82449
27340
74862
39053
60185
43871
67750
10733
104726
108579
29200
96097
82462
41401
111544
49583
2340
49009
56315
58120
22295
22351
51783
43960
105826
41027
23783
22787
62600
55953
7591
119010
85149
84326
86497
69602
16026
108646
30419
110955
27805
17815
101887
55155
27229
20185
2345
116477
52012
75862
104398
1173
83672
46946
79938
88877
78865
96729
113624
50633
84100
99373
95509
95980
69246
4168
22792
14889
100420
101564
103960
3229
45679
104264
44999
32573
34437
84630
48965
19088
107524
115573
69797
5508
72308
114079
95299
102171
2571
114077
41065
75587
98502
52043
116579
100748
27402
102776
113268
3621
85781
45925
107977
45584
85810
76203
6383
77585
82077
81039
83678
18535
19402
81283
52184
91474
104093
5214
80411
112193
8158
79249
32879
10190
20756
59756
33089
96185
14132
66788
85790
109304
16729
72270
94203
100265
115413
78767
35453
16918
22732
17720
94493
118189
52771
93196
12413
7333
34676
75124
92965
35067
111655
102660
63532
68349
15761
26240
61903
21161
33225
88125
103965
110202
93142
85193
5289
61690
92758
36183
111637
72074
11615
78825
71273
55341
86362
95916
85636
18425
33620
72102
37159
16722
54172
99727
40119
64424
24659
3562
108157
26826
91565
48554
96067
52631
26781
29218
66253
56280
50914
20922
31738
72974
24033
42235
4464
92550
75709
60768
32599
36089
84454
87980
50672
69221
73353
65661
113598
67224
99693
72662
97064
35991
105232
25121
99664
20461
21386
31357
111263
113351
97935
67172
117331
42085
50989
25828
59266
61
110309
94073
17050
20063
113848
84094
79109
65139
57733
83716
107928
31665
43239
95240
33414
96543
45602
70343
30940
106877
1643
6076
42712
82693
58469
112599
28110
75091
109722
100561
113090
34096
57295
113566
38436
90151
111933
78083
75766
82044
47758
105465
41990
36706
41016
25815
95579
103382
2440
20954
44024
40173
53385
32919
72080
68451
44527
6666
54579
26932
4877
87293
22740
96807
50123
91257
78797
81240
26193
96642
100984
3054
99235
117424
35202
8535
114173
77314
63599
105986
31153
99656
109629
117648
67973
99226
64928
35909
46014
57690
47286
75704
27104
91430
116726
82080
31179
33746
51579
69105
83845
48859
69533
74556
37319
4162
109293
67104
42816
72840
71696
58482
104290
68355
51807
99165
36232
58903
68833
109298
99043
86405
11254
71470
91235
119454
28831
16807
76164
67691
103933
72961
35701
15695
23084
79779
90754
34831
12509
35435
104526
108081
46898
9554
108278
21453
42840
96554
89594
54969
89177
86677
57353
114834
30694
113979
80949
74121
36884
93781
27598
29669
70041
94708
97494
91837
21846
198
55835
59690
45417
98632
73952
65898
21045
103653
51519
50213
39004
80868
84118
65603
16058
64731
66343
25404
95234
108256
89637
109126
7335
88683
74548
47946
6042
31138
87652
105478
104309
40639
78078
41213
102933
9565
83942
20419
109100
119949
86101
11731
103999
55008
42306
118421
19278
37975
38304
14647
41948
47937
93040
23746
96325
8685
24406
103103
85006
52459
2366
49081
49541
32057
7975
22024
68491
37919
113415
49242
26847
20341
113193
81561
27493
11502
35215
48719
100391
51831
110768
114320
97864
14228
20440
105529
68607
61136
77424
103000
93420
112740
118135
20779
80545
23495
56975
82425
71771
51757
65546
69766
59772
24224
76974
50551
70777
66730
102916
2766
111139
113266
15103
84507
52911
118280
1332
53483
91540
63687
75050
113320
75900
13596
114622
45710
64981
81159
90703
55460
6424
92970
75201
64371
116664
33482
112771
17404
109903
119191
7902
119146
116622
117721
107275
95720
76866
47087
119635
74916
110154
66910
31072
67706
25369
30282
86338
54580
84044
97827
543
10870
111401
45028
74373
35739
30232
69714
