80875
10225
34236
93113
105945
19664
87941
90798
21426
69023
80273
110832
18355
80837
69801
52442
98130
95223
31882
61597
32598
27669
19747
48875
71033
9784
92128
70241
107569
13528
88135
44562
48006
119032
105039
108917
92845
117139
32485
51020
89041
45076
102368
84209
117556
24023
75015
117927
118832
86990
29436
84403
58525
73293
77110
641
8679
2725
14115
63944
116684
25767
53165
29237
47377
100425
18024
89668
13958
84106
17446
99184
26457
66204
67918
12404
32396
26055
99694
31410
87696
47464
65253
11877
106813
48501
51093
44696
58696
30350
108615
56090
90813
38917
86814
29379
22768
40767
100145
25007
48931
50221
111905
19675
34916
46365
60861
116299
115251
72636
73363
17620
27204
61882
65890
63655
6188
15020
30553
10839
105912
102291
111892
27704
82351
72478
119248
52763
95251
40938
77533
113287
23856
63568
105248
30348
105162
75921
37071
66398
68616
39801
55839
2425
75963
57106
35791
56885
106319
12928
34867
5975
68395
79617
36325
84255
101319
62965
35461
119561
15954
12064
45978
86638
17370
51512
118407
114269
17942
54437
49980
63467
49894
105418
31048
16125
54669
102628
103830
66861
87889
82731
69952
44315
33230
58500
39163
92419
98779
39628
77781
25031
44559
10850
68688
32151
107285
6079
101468
50103
57366
97467
52544
16431
16321
87951
75269
9594
68520
35005
112201
73181
1014
62874
113563
34113
762
114642
21287
52934
54733
71563
83587
36774
2936
20406
73402
51178
99016
104909
83654
68331
92307
89215
117879
80918
35623
41455
101917
72951
118419
86035
88372
28908
94629
85256
51401
115858
100291
58835
116558
10462
118543
28136
111698
22675
75685
3022
35742
21533
85519
9847
169
96929
50495
66622
114515
11884
70702
94810
99097
78379
59752
39196
50596
21663
93069
37281
56420
102251
19643
23222
75631
98984
110310
112901
18334
14702
28672
9541
394
78166
64461
20028
72087
73070
108642
46579
20286
67680
2234
105273
77433
90260
25738
42441
12251
4432
110244
91751
27642
60490
28515
10206
74931
116942
97647
92543
34681
104518
90349
84296
459
85040
2485
2797
98712
32853
6944
80733
65056
69131
119112
22973
115611
3008
20640
44263
95764
105781
22047
41944
70648
9379
28154
46842
107023
90079
82424
59856
13533
71533
85533
63947
61977
87726
110115
1205
56440
45161
37093
118770
44790
35391
54194
10242
34413
22105
91974
34889
119973
90620
106875
74224
109967
25564
97718
30853
27133
44126
45038
73928
5240
47056
113300
21509
76935
99944
48776
70623
27984
116621
43309
28863
70389
10121
112721
33415
89237
99587
105871
106541
74597
103184
79928
81298
80618
4043
88942
79236
21396
104297
92761
118321
116979
23453
12234
35161
31806
43674
105844
103836
45963
17366
43656
5813
66567
54595
6046
48110
20865
40259
31156
53497
97070
92836
18492
22924
110871
118539
87147
30502
6212
15831
15991
88219
3299
106154
21299
47808
9958
45655
31539
53321
27450
46498
71353
113558
108720
51945
74932
52385
70762
60118
69711
2402
37773
45326
71481
119411
83334
11794
60651
64553
53773
44227
69717
914
81357
82397
117815
25842
65419
70330
54855
30937
25353
84948
663
70364
63315
6264
59245
92116
27053
61984
86773
29855
108487
88862
72484
87348
84964
78999
84298
58233
91760
69084
98124
17201
53682
79836
101271
4646
47450
81562
45263
27654
