84634
37521
63520
99854
54235
78021
18098
94760
66941
104209
42223
47123
70509
37128
102226
115881
45070
41108
61928
21697
87746
25097
90959
65240
101280
37462
37456
83356
76708
19704
13016
26735
34529
2222
75042
102867
97267
28977
127
108946
80668
17796
96358
79652
57463
45870
21289
45246
113204
49847
90212
59665
5942
78030
115107
114933
45300
33379
669
58910
72433
12677
98780
84796
45810
23072
44931
91948
72451
2182
31751
40507
101881
50974
12081
70938
100871
77690
76378
29577
3253
99164
50153
81687
84321
41042
98225
41617
82632
104329
21692
82297
8848
47172
107295
72209
74385
8013
9300
53828
78397
96257
18617
49002
58471
77278
38757
69101
67569
102317
110558
86517
94027
64603
89538
939
50
45481
67053
88370
75708
119638
110975
29683
74369
106955
79607
47858
35717
21999
26705
58346
38715
112252
30297
98871
14961
44158
101649
61043
92984
55116
23251
107683
61996
70494
8409
73206
24441
101126
38905
64593
113588
5543
30321
60493
80195
16490
67449
103851
34439
68827
70375
28510
8430
102305
22311
24101
2383
43429
118908
25362
6372
81239
22911
79846
116832
102936
101803
89268
47400
67087
107629
84372
1903
81185
114615
18908
40038
66912
30005
97198
100813
22765
50933
51827
19865
67371
110985
106738
86442
40294
36217
15939
53599
102827
78723
4404
31652
10914
87698
91201
80362
62048
102108
57963
57240
103881
114551
23097
98584
9989
32594
32457
55401
57189
29701
118807
27630
94785
83111
59290
3068
71554
92392
55256
27271
12765
90237
74379
8931
90412
10941
48724
49270
109687
38093
89642
60195
85224
87874
101164
35319
14490
94399
98624
27952
31873
110341
74320
98574
10388
107688
13079
24449
4084
112990
114322
74618
3943
4433
113593
48482
42977
94402
79849
22001
15067
89104
6361
54175
105865
7093
54621
70637
17476
63657
61007
65884
93545
16621
64304
90107
8069
110497
22126
48206
10043
74945
27804
63892
4368
6376
72434
38134
109570
114846
43798
83801
21986
104077
30602
19676
9659
33891
87893
95243
117687
101509
59460
21047
19218
60799
103467
39654
7821
13725
69897
62072
599
38260
65409
6094
92980
92957
7324
91116
88043
30827
46086
105908
58272
47290
26545
81972
23020
48425
12987
41124
25321
93133
8883
80353
7894
21500
4376
111226
13770
1490
29100
93330
88387
39762
11277
63419
31429
35098
105141
104288
8926
28322
27300
30124
42303
21856
57757
14389
53371
19322
94872
88264
42569
50186
74836
115421
77795
16759
110924
118090
102568
223
33544
21119
74232
108078
116659
104744
14859
20404
56581
31529
15832
68007
74637
60535
92376
4165
11048
24807
91582
52456
7141
102025
56757
13622
50370
116146
68537
100573
30887
79459
73716
16945
54632
29508
87720
119922
81846
40356
58212
88218
48236
92490
29703
115405
24844
25340
74466
19904
114785
28997
103409
39382
56107
16115
66000
52420
116997
94631
48213
52725
49001
30433
37061
56819
75231
10612
80044
75960
47618
43934
94965
16458
12923
104152
99848
37868
22259
12119
38939
86594
34379
119149
86276
67180
70463
29905
8686
35103
7095
4090
59515
107656
113538
115705
117987
24848
22247
115062
66089
115939
41160
81090
53830
59236
81915
118571
79958
60980
91490
53908
16152
40492
98522
74110
347
40302
61679
22977
1577
9403
6527
64458
11011
46200
83102
116157
23006
58556
116508
31325
3971
34373
112174
72136
96773
105917
25939
38254
104150
116872
32419
92599
5313
97116
40139
111078
16304
95653
41650
1240
100712
73711
36199
76446
85453
31716
13534
96018
66304
58579
87264
108879
22863
73051
55970
99824
91672
36983
108391
25809
88671
58681
80351
38037
53434
86810
54112
44488
116863
68538
82104
10812
117143
63588
3822
87371
85470
73037
89943
50972
73607
106804
50627
23552
12031
83860
39875
105653
58245
31829
56870
83757
90369
2659
44010
98898
82591
65518
12335
82391
49871
80184
59935
107909
112778
12466
51053
113932
58895
87526
86365
56608
81835
96925
41492
78594
24861
103731
117594
41502
1338
114213
67831
116672
71131
65274
60383
66639
21561
47063
1484
18731
43643
105302
61588
99920
8962
75535
30127
118738
99695
102593
42866
116616
43716
82983
115442
98498
49356
38720
73575
11515
68622
96357
46893
81859
85799
1820
85699
51160
33317
69936
38678
64257
2504
