1749
82002
111932
22318
102450
33522
98808
6901
22290
108513
23716
57737
21241
41828
55793
52837
66132
119955
42575
112652
78069
67018
62703
105473
13824
113808
34111
3028
87519
44248
66683
106718
79530
26834
8913
3787
95053
25282
30464
50788
62857
87042
77686
110051
62073
19357
87540
69454
114531
61695
57604
92348
42345
10219
23300
104164
33461
67237
74058
71779
78942
38202
57124
21949
91306
108669
45739
116476
20902
13464
85932
76897
93161
94605
41962
116533
46246
72864
112122
24078
56385
103381
50764
76620
19338
68848
71902
108964
68251
1394
81249
98328
604
119378
76307
55610
91664
102811
39007
3355
44223
38503
26940
70208
18032
83379
110077
42419
43833
29612
103500
61658
115771
88053
23406
74044
29155
61152
39778
4071
12163
86503
72594
48227
38799
58374
11988
17007
84902
6115
42474
100540
94484
83076
91979
86544
33643
20335
48096
100550
100364
50854
67929
1185
99891
73996
6641
7237
68250
102238
15516
78673
632
67373
91736
26706
75463
3571
36362
17617
39569
29751
60747
103092
89354
80075
84802
31701
65298
96769
49461
33246
69319
54374
35540
66277
17532
52812
69780
20854
119570
114796
56917
80941
76016
97052
90232
97003
19551
92013
97461
77507
102388
11267
55255
37828
119328
21582
118896
80554
62536
117711
107945
38154
43055
114368
16653
28050
91741
10528
69859
18644
41424
103789
57590
31989
51075
58782
41889
37472
57732
70866
18265
91041
36271
118033
111021
85509
15671
61318
9199
103441
57376
61217
70466
75667
42821
76202
15114
29420
10356
78433
75788
61871
113183
108066
39107
43930
59779
9418
108614
33490
5100
85447
37033
26851
91316
53926
112639
35565
15215
69057
33194
59434
40256
8486
232
112719
94753
27448
52433
14009
77060
18612
95596
32378
30109
21946
112938
24867
4417
43140
103507
98837
57232
67570
52396
115483
20713
13011
52848
34363
101257
31543
66375
112272
95492
40889
46767
54230
85231
82856
91858
80363
54535
81862
65297
96198
16398
83370
41772
37520
60791
47681
24487
75136
63524
50692
33279
87316
31219
92571
52490
34894
106122
64758
48267
41407
33567
86277
30752
46653
88730
13481
76803
7782
116788
81548
35665
117385
12821
45371
99307
113195
118232
103984
110156
80953
97850
43907
102998
83581
56136
86720
23123
54982
90607
116697
52424
101623
63245
99384
45677
2477
25785
79641
77903
20465
74875
58111
119194
49599
24316
28898
3653
62311
4850
79076
17027
15051
92689
102022
47502
80771
41253
21720
67333
31651
66434
16563
59555
10723
59424
54811
43061
82294
87196
114778
70594
98849
35033
38947
8295
18726
67724
106425
48989
95832
54797
92668
32542
78485
95990
10308
87145
61853
71509
40958
40667
42349
76523
38100
42862
5753
115743
19058
104465
105231
1138
20395
25480
39555
42169
52967
76166
28008
67461
77741
118702
114852
46072
57159
4981
36816
34770
92928
67897
21977
30682
32080
31213
97823
21962
53779
61676
17936
97609
19329
98791
42931
36887
1071
29271
37031
14556
42139
15799
47754
62879
55977
98151
115462
40090
17449
66124
54618
9978
33138
90431
19842
84415
52641
83735
58734
89333
15364
67420
92228
97892
47558
72988
104406
79008
28976
40900
93038
19681
12371
90743
75612
95384
45175
37596
40206
69519
49309
50431
93622
83482
38429
107739
103927
74767
115236
55359
114920
35920
69064
27749
103861
114908
88630
56985
95000
99022
64809
6999
69111
4185
14194
44471
26023
60580
107487
96499
34357
54489
29175
67512
13401
9743
25875
46966
110285
16724
11564
100548
88058
64440
111419
83740
96255
13490
83577
26151
35404
107372
51977
92319
119310
118581
70495
100264
80687
25799
65210
57593
80004
108087
90415
64655
30870
51803
104992
69867
25663
79228
62331
69515
14907
36190
114249
100162
114353
103729
20969
27181
117429
82781
8396
6601
65942
13643
42788
113784
109330
81428
24327
45848
76919
93801
20161
28287
43124
109506
65345
70381
65294
79542
47814
68754
98838
43815
2501
63197
100604
34990
97559
54449
3583
8870
81063
69295
70322
25019
13065
103371
100765
11195
53263
79160
98897
89588
88048
66502
27834
30678
11397
19580
21274
109904
88971
77485
114903
10804
89614
103808
78458
13683
69445
75424
27325
63352
94410
88810
105207
51029
109662
89250
92
40202
41821
45165
117372
16529
86975
109128
62438
73193
59898
117635
105220
104830
85569
14813
68174
91038
73635
29185
8650
91037
76438
118394
5435
59691
93886
7878
106606
45213
118678
90047
52321
51765
103447
58222
31261
30061
79131
75771
48321
16589
24362
18665
22636
16078
34609
75428
5465
70964
43514
61298
81046
111513
74691
95927
26189
13591
101735
72688
107247
45944
86874
119062
51689
48057
307
72683
85642
73821
75319
4470
69895
23087
104767
15821
49439
76934
67633
88977
65680
76067
9247
103672
119919
90962
91935
15198
99397
42346
16907
49801
29003
106770
83478
22254
116005
20210
57667
86818
49777
43835
19756
83779
109669
47272
76705
23512
113244
14803
13362
79910
101603
115032
24529
54080
12192
111036
15795
1166
91659
70829
97846
109672
36440
43243
15128
29479
96293
60517
76902
51184
51284
114073
26919
52734
61278
6228
110319
119848
103450
57793
61347
57597
82569
17513
98734
92451
25652
58355
79
114676
57858
42781
5275
49645
100769
95050
61707
104922
117708
21112
112421
6276
57740
115558
88199
15551
83912
102162
88966
69345
42260
29678
103723
9895
119108
55213
76774
104242
10083
110113
18843
60147
93294
57080
1710
59695
32596
108726
101831
25358
83953
85974
92766
108712
111735
38696
21144
35065
61947
85165
108502
86932
41586
46698
82066
58874
114558
53487
72493
115738
25948
57657
13409
91153
20259
97491
62297
64245
52587
33822
47038
8574
49240
52554
45899
26968
8557
119096
14592
60634
30747
64423
65203
44448
45774
16543
97383
13420
72436
19565
22501
94569
47372
102151
117084
55474
98131
69713
10577
12625
102446
61910
60221
10169
69132
10712
41867
53
35115
74161
62761
44110
119246
14487
8222
97102
56944
114176
36380
16434
68252
96111
43481
33240
113878
60474
39897
73500
94334
75775
39127
60917
47215
49584
91964
86369
49667
110682
82511
55562
25232
38368
82542
6200
1147
41719
102486
14200
97632
117447
78715
25630
54434
43354
77880
9842
49653
10216
74043
227
3869
90161
77695
72782
50474
28340
39724
72242
45250
70677
44211
73467
58468
33977
6731
11910
38916
82422
45941
71980
8070
85187
6178
62244
83788
75268
37004
48635
92035
64953
10079
71329
119370
106682
43338
10012
14243
3779
104397
15664
18538
36334
87873
79193
41630
64646
55556
51252
60578
108673
61034
89649
10220
27123
65899
53153
101681
72088
37831
39812
24350
11121
114887
33495
86577
93337
983
64328
53842
36846
22470
99103
86643
110560
51890
53026
36734
66763
110201
77651
7126
14599
27896
91156
99874
68865
109212
90500
37028
97671
32009
106857
44904
105733
50390
24523
65524
7597
113805
28382
112120
47912
35187
38620
107349
112906
116469
34223
34638
4316
113110
97418
34661
4767
68022
18533
19145
20578
11418
64214
100612
117096
57510
106277
47180
69039
85732
79564
44199
55808
30811
98077
51741
106133
7944
65057
111912
68382
87168
115458
80734
29557
84640
17429
18111
115936
26450
79360
8130
36835
27576
59870
40784
70705
20003
48722
28996
26483
21169
95737
77645
115209
91136
110785
91049
85978
26718
58139
113030
48207
24206
2629
89431
80444
9206
114204
114075
32338
11957
64636
30817
88102
9289
4798
22713
52614
117411
5745
112112
25928
71299
97736
114750
31124
62947
52878
31867
50694
51893
48551
114313
44910
88530
22510
56579
105172
60731
40262
97903
3573
24530
36904
3830
89297
32012
20503
107403
17328
70019
3563
79516
112581
70539
17846
52615
113749
32530
2136
83437
78754
83122
71610
25665
72531
57973
97802
102416
9281
59341
92566
8880
96945
26436
9271
101892
14069
84267
118859
33723
24167
102397
10633
103203
36035
35411
90659
11065
16524
104796
100602
9094
46077
19461
82519
9866
23579
1740
20687
25284
104421
41450
23771
53083
115184
69767
54687
94957
17099
98462
42519
38827
119324
117807
22583
15645
76138
5812
5662
3767
46974
68566
81245
34453
94980
48962
47508
15509
94491
99851
117597
33338
63430
57430
96606
41377
35302
80208
95571
38150
117977
5778
105340
77006
22145
24453
95508
5848
20982
91705
45896
68373
66923
97801
22964
52778
62980
100118
17751
57880
40580
7479
77123
40272
37743
56248
103617
52028
108471
87142
109197
99657
20815
36441
53444
40662
108892
29164
44324
67518
62540
16564
99484
119676
58302
7133
65778
66016
77047
107551
20110
29422
104758
106523
64013
68703
111439
70838
29922
80943
54258
75073
10830
94406
39502
113959
38722
71959
77759
40251
85677
36329
66438
57614
66962
29125
116918
118710
76888
105654
57619
91277
83670
15815
71148
2562
76549
89211
109969
95264
90556
88889
59804
33298
16290
62849
15816
17012
60171
107795
6560
112288
61864
42368
18188
107176
98032
9521
114775
41961
56127
249
10080
8501
69727
55300
73606
89045
10556
89821
52991
115836
74725
70505
36071
114369
35105
111659
65791
79548
11319
41610
114514
83723
10964
104595
50059
73135
113247
91157
91658
111272
37939
55545
56504
112981
67263
65828
57723
99263
64333
47522
31226
96442
55128
81555
69976
74067
43253
76929
48602
20301
64711
97105
65751
49477
142
114499
90267
36829
80523
46890
92100
23178
78342
66604
39872
51960
15132
27483
93416
36160
37651
87158
110865
13179
36330
28840
80670
52423
2036
2073
11050
104639
20179
110801
182
60055
74812
92262
820
12071
104777
113322
10196
115472
6923
108295
32520
78147
2478
62823
25636
18567
358
40516
49600
14970
18701
93698
34225
25878
77019
93654
82186
82549
89480
26003
7297
74401
110935
21395
80583
490
68872
44145
83940
107784
88283
24242
22605
2950
99262
24455
54615
43222
91292
30641
115372
67129
15417
70376
18551
70741
84785
34002
92023
75795
73098
82932
20298
67135
119562
25549
47348
33592
102852
102537
3557
5175
113580
84481
13764
62791
44728
86771
116110
48160
67856
30551
86045
119389
32620
78588
41101
50532
8028
112476
99846
49132
111794
16356
22437
99146
78026
37930
76435
67875
17498
109920
92518
73745
119779
101157
76198
6410
102192
29854
69343
30495
22358
117567
102102
101843
55052
107152
113148
76274
62386
48578
88864
83140
98416
104747
1017
52293
108652
96878
30119
54730
60639
85213
97996
86635
108217
54560
9355
110636
28763
21546
58235
109475
50563
19982
118493
95593
53137
102711
21486
9899
110487
78964
110029
75622
87605
113138
101290
56982
42469
89874
104400
35190
18982
36167
77715
54365
114832
4007
40246
106026
41983
110162
63652
27600
69716
119349
81646
104578
112552
66202
14168
41628
93041
117352
27699
80367
83707
21490
116867
86242
64326
70109
23832
100732
85194
99275
10149
3097
9266
23736
13483
57018
75870
86760
63176
36715
103918
93284
51486
52647
56583
40648
84625
95127
95041
26640
37427
85107
76068
109724
63028
118239
96784
26248
56461
64131
15833
113242
57701
62472
72707
95614
88533
46912
38135
116208
81147
93579
112999
46053
1122
56465
28760
35850
116706
4922
12482
67768
108483
10030
1737
97835
96861
85979
29986
114363
74460
95580
18167
21951
65510
51115
51674
89722
72092
68
26181
8137
106965
95228
103713
87801
98068
89006
114495
76458
81168
63127
41709
18779
81985
30643
23231
6596
46232
13159
79206
78888
30801
112605
33950
89730
73881
97456
51347
37639
3549
8235
34259
91983
1152
83929
41570
84069
6067
76543
34087
60582
49041
50624
40931
63752
47718
96656
44344
81618
108022
78191
98092
36253
116215
86135
105831
87018
36519
50058
112165
101562
22403
17263
40229
66491
5017
13501
61008
64942
308
20890
83224
101099
43029
26984
115909
64633
88175
25621
43899
53183
6292
28955
6879
98883
68976
19900
23908
80785
2986
88760
62204
59994
15000
47080
7081
17214
54761
87162
119047
115469
72061
64196
84946
33521
99595
1419
50900
116154
106491
11836
48880
73931
101506
77902
85234
108318
55448
33719
22317
56451
8881
2401
53295
68292
5728
2240
79438
94128
94624
17289
25578
46646
11425
67218
9322
81708
37581
92445
19193
54864
95157
32299
39185
70383
77017
74520
76114
9573
2191
38038
105572
10407
245
20318
105436
56987
71251
113339
84605
73254
5635
14791
50155
59225
107109
78840
45621
9876
71830
27111
88784
81246
61388
119242
42752
77065
95171
32502
52320
108817
54709
38416
52907
71181
114399
37118
13564
32913
112890
9482
107071
42161
2542
69087
98139
16547
90698
13352
34859
57094
28868
61744
20214
55733
94495
17175
111877
38590
113436
117391
99252
84153
64369
119406
47812
39515
101169
40871
55858
97339
44
119893
71522
81941
70655
25525
46984
94298
54200
109590
70559
13594
664
5283
12698
103469
118854
74109
1327
115518
56236
234
21267
9262
61562
114434
102003
73412
52736
116679
60863
54762
94540
117259
93010
16837
93149
83259
34778
2237
67950
95776
4771
40935
67313
78690
98059
100983
56423
9715
9404
13333
56323
117715
80849
4572
82151
22464
18475
112390
66671
30852
103626
92077
98129
29088
111472
18474
110588
88552
44114
63620
117188
15508
65845
15199
5194
104692
19960
80301
42904
94695
85219
16414
15978
70605
16324
18099
11819
104515
88114
77820
90003
116792
58886
64728
107987
63294
67716
519
59313
76487
24959
18050
9501
78248
2544
24833
89358
87229
28111
35053
109867
29948
62375
82962
14509
85229
35196
20785
55802
40452
116904
6196
92320
19668
27127
22731
109761
100723
110070
111880
64137
419
81012
72131
22813
12400
65358
63455
117487
26950
64605
56693
15584
31779
51622
52970
73055
78328
74526
115484
117652
30821
27113
88841
30900
60468
44469
19616
20420
64116
26839
58754
36597
111460
16278
40248
72214
84506
5237
61413
106618
47936
56139
94407
59104
72648
94903
73700
21015
88279
107396
118152
43818
73461
91223
88649
81401
3459
73189
77126
61062
75623
90881
47803
77187
4147
27308
48219
99106
8915
15610
83552
2757
114307
2239
4333
73861
62021
17571
48479
67472
91716
62205
64722
73166
9059
84560
11942
53417
45445
106326
106387
47569
31946
118016
31915
10985
17780
4177
9021
80922
103948
117893
61862
87543
26827
67821
59262
37044
101218
44304
55087
17381
102134
106045
106189
54271
111448
23346
6019
58375
99311
18018
23567
7688
88920
30163
78122
22553
50505
9722
35493
55145
75872
17482
75745
56199
15507
70999
103063
83043
11908
100395
84970
32852
20740
78515
31905
6805
102738
28147
48782
91782
70568
6905
