30684
52143
74750
61084
5773
105688
23393
62645
118332
68013
90615
27837
97682
97770
19444
13899
65526
105803
33870
40948
90176
7610
101685
115080
94374
91553
30741
119981
36349
57175
56251
104533
55590
8566
75395
106694
63817
103884
47455
49596
96907
9067
89474
109314
106784
51316
56543
75148
25736
93751
72877
119305
47229
13842
41555
7869
103551
31280
66871
84258
23575
101954
110675
884
56279
35189
94844
71150
82914
116093
32915
28436
61879
92241
8076
67273
50550
74631
94536
74883
44100
85428
71127
433
105472
43603
117177
26592
59876
15908
50283
96361
79319
33994
24596
23764
68665
39899
111027
50209
6803
31636
40278
106005
109695
53394
108205
73517
44706
91036
100195
60706
115302
27410
33222
57245
71587
40766
73989
67360
97447
25792
11745
3791
81359
42206
110016
78360
106017
56891
117231
5976
84091
17336
87578
9136
97894
112204
110983
83798
44540
12055
84900
99780
11842
22072
61293
30981
5180
73718
19250
55652
79336
78073
102669
46319
96625
24473
70520
106071
87016
26549
115733
115155
100740
92052
70484
21381
43177
83495
92385
34594
13413
102508
2968
114577
16993
64544
115291
22734
100727
54869
25588
101485
28572
25013
26532
50068
48497
84308
54834
75265
63867
64740
19909
8009
88006
92182
117745
45997
57909
113751
71421
35949
89606
24372
67361
10122
117565
60145
98633
94847
80605
68486
106465
11844
19874
69829
33850
13128
59042
83691
41822
26190
107813
45634
95931
12209
89156
49841
39287
50708
109058
71967
7146
87452
112702
84502
64980
14026
118128
107386
40461
17828
33213
25425
56956
89601
59178
1909
112018
57455
63806
38828
33862
3489
68857
95309
9741
57742
49419
12563
49655
20168
72019
91109
40199
6955
65538
50983
109826
7846
102627
77777
16683
82815
87841
15314
7674
116851
20539
100132
70129
96693
32999
24988
58401
110320
82160
98663
74271
3153
40198
82747
11605
62178
89911
84493
117707
110019
91798
76501
75280
95937
90879
56967
23874
36704
12940
134
50714
16452
74755
23079
42352
37435
4948
115114
92456
3849
26504
53033
95985
8987
40840
18140
96033
55779
51825
80356
103885
17061
101850
47689
39282
100204
967
73757
47581
98405
79310
7516
68641
4510
61317
21191
2928
87354
5872
104331
28770
83123
95976
780
72301
46275
26798
71313
91495
91718
13955
61297
100608
20344
26893
17116
63888
36981
37091
1551
92607
78050
15043
56109
63715
10050
15524
9610
18827
76147
37507
37959
103833
59978
90251
72997
26926
87763
15651
118213
82750
109627
87694
100076
32406
83481
82067
61107
54693
95458
42993
71994
107161
38453
110590
73916
82221
110823
7175
92572
99383
3105
46152
54198
1603
96957
26481
9047
33757
82745
5782
37256
5130
6004
115581
112576
35849
85880
25536
33927
66325
289
13645
14734
79739
104008
77397
12389
72424
17590
11754
82593
22932
61756
105128
73805
5652
96894
14845
118835
104712
70356
73784
96811
91789
27932
41440
27977
51503
22630
26075
87796
67758
36083
94516
118975
69010
802
77769
96422
40468
1385
40012
47083
8095
17352
41017
11407
6113
90112
36770
45113
69405
8766
84483
55688
3581
86992
41190
33109
119683
33096
15338
15347
104539
54679
29463
109292
828
69247
106905
96666
17141
76364
59865
33889
95482
181
74833
24286
94704
15486
27022
14517
27092
115185
4521
12360
34792
45463
108852
81130
42029
31622
8063
89154
42629
8940
71708
94067
67660
113122
28857
90471
67943
19609
34074
16109
98797
75341
48808
65055
62024
59255
6495
75206
56388
825
80640
12242
60056
59101
75945
12464
40123
116007
118066
78098
36636
96416
108556
29453
95369
13931
88251
59548
61963
62885
55587
57306
105270
107174
90039
111446
34078
53461
38088
82225
16568
117669
114054
21479
88850
29706
88621
81158
105158
14890
95078
5859
5213
61668
87927
20571
109631
80515
111939
74141
1421
