69497
114214
4190
2596
86854
37036
77848
55744
69147
41240
59767
89960
3320
71139
17715
84458
68533
69993
83249
24600
84323
21427
97327
61285
16281
74880
40824
5148
5389
80457
74099
97806
28669
11652
96472
67382
25382
103569
117103
104162
74786
64111
69903
85607
44498
35253
54165
64109
45283
21603
67489
94412
32633
22124
79027
92973
118161
27890
17667
5347
8352
115254
80876
104720
43885
76795
95638
65460
87211
48228
30499
30039
84028
79801
92672
6453
100752
105253
60081
117535
43713
25463
6885
111236
80465
100430
63733
52845
116072
45151
59130
9527
5488
94408
91424
1528
57526
93443
26246
116539
8189
24258
9186
69852
86122
37760
102452
8812
45099
111146
75989
40860
585
99597
76547
117283
105073
11345
66629
112432
3430
59289
77415
119736
91638
108863
59102
112848
69014
109440
78710
45849
100450
18247
21108
88499
61847
110523
24287
102054
7538
20051
110440
102559
4112
58706
101295
107059
106533
87791
114467
24435
107690
24183
70819
53893
7446
103324
57670
33758
82233
7505
34896
43339
10369
118396
54239
79143
80926
9311
109481
54831
30088
66636
24050
98585
114133
112802
5918
11347
114794
41345
26744
26665
35121
62127
118138
88933
52567
26728
62449
84434
116760
77951
73480
4913
25786
60208
90008
45173
690
29097
57775
42607
73544
20545
4531
92587
71704
109702
4170
116578
27414
98089
45979
73213
54126
99391
11157
91
80879
92760
9479
45755
34531
6864
1038
106206
67207
107538
18103
5005
90890
82469
9406
110617
39037
103784
99238
2118
15829
18508
37751
106520
78164
117626
57035
76659
107636
88838
28519
52809
37608
80300
108478
112940
21817
69938
81149
102436
54241
104613
41906
41809
75815
73346
26060
112880
19903
73498
57022
66319
101173
36124
51806
92405
51337
23528
65724
94529
10940
99020
63988
110628
50199
119581
44622
87490
113319
25946
14840
34610
58986
28428
53065
103245
72208
7781
8951
1866
55446
57402
97539
69228
58624
110629
27954
36194
94613
27678
20567
12690
43952
55599
3662
102106
54959
1161
119750
94041
98844
114790
106669
78447
4600
83625
107689
13273
90150
6843
89964
24865
51404
7802
90453
37554
40525
97749
109827
17322
118248
15866
86747
10865
3620
47755
59712
25089
24314
76308
77992
62110
871
67187
17251
55476
69267
107419
14041
1025
68244
1925
30978
58354
101449
98919
76971
76468
53227
1214
39995
22874
12881
11441
50618
109227
24124
92039
18643
60700
113594
99244
83408
62168
35020
50924
42336
26906
1274
105014
96683
113679
91724
31393
62625
88657
83828
115949
73978
99723
113011
78091
9451
68853
57693
78616
79080
38223
97985
68918
110213
76695
4988
93947
119723
111025
99047
63744
17791
28769
39388
68856
39488
100138
9327
29556
40562
83872
63586
87132
34490
106449
59114
112611
22173
30799
819
77499
113117
89049
22388
36633
93395
83714
89708
47630
36052
20203
107750
53621
713
78892
4103
52903
14470
110887
95460
69141
44736
67414
30880
119295
91575
57152
90055
71246
64043
38482
106602
18385
1936
12176
115623
43493
80679
27586
29163
76161
98326
24845
286
24292
65774
14409
39881
100109
34110
72358
7369
114338
51102
66632
11763
29333
23840
60165
16474
63136
12446
45715
1013
20351
117018
48245
118587
104561
93321
56796
63697
68405
35719
80863
101349
84250
77295
18085
31531
89285
41430
8935
24684
10792
10412
69074
37280
91452
19719
61421
93163
71981
102135
55229
112287
116626
8569
51105
5336
13972
26865
78521
39482
47907
50023
31246
24882
710
103247
97231
16629
33938
45610
12026
90717
37187
90393
86806
76355
98613
31151
64173
85568
188
20840
11334
78356
34139
54577
112182
47607
39342
8055
78071
52393
81634
74374
92677
57529
14007
47139
104042
38485
79164
82921
22389
89982
28513
62124
109879
9058
77481
88653
43712
97413
12027
30730
7805
75650
60164
113806
83900
73548
88614
7378
61508
48033
56844
6182
78205
11717
20541
44576
42097
119437
49094
80541
33657
107811
79789
95800
44403
58595
25707
45836
49258
17372
2333
40608
57917
117956
23371
86239
15722
3763
8143
27222
47462
37401
76979
45378
48787
113178
84582
25498
40886
114636
94600
106092
47451
46930
54572
80318
22533
27090
101152
102619
85103
28757
113529
71154
69113
87976
23050
22508
115055
16769
117151
359
71248
25531
47798
8139
62578
44273
90326
26204
70126
80426
2065
78898
109420
63272
12236
17699
101441
70772
78049
28604
35911
110026
47947
17104
30846
101317
5013
77250
