576
62102
77809
41811
70032
61603
28392
71023
93883
70078
96701
84576
100202
114593
107676
106829
102184
104769
67796
98944
24190
58057
3509
38895
26683
63674
51940
10954
93283
36751
26459
11956
89116
46324
113438
111190
95271
46041
114166
43384
62405
69154
51841
50741
68455
36028
56142
104485
30208
85276
59771
16268
7198
106670
37602
2493
70571
65594
107182
84647
815
92218
118616
155
61324
54608
52756
115957
91227
7276
60834
104176
74661
63583
76625
31109
60494
117572
116586
101315
97463
57700
60597
105944
87373
28563
79946
112029
77662
49170
10697
1946
50029
113667
119572
80401
49958
13330
64469
96541
20320
101670
62323
68057
32156
101404
61213
11976
102017
56562
111191
87039
51978
33664
100585
30162
60803
91196
7702
5203
55378
113630
7710
15377
3846
1601
51854
54294
41578
3227
68427
61769
56490
51250
57616
58447
45862
62548
71393
57641
39609
7236
100024
110087
63289
31887
589
79213
96860
111606
89005
98977
102853
49362
37872
115197
16897
76562
73831
2348
82375
8763
71277
56635
3388
3203
13003
90342
34141
53223
99543
22365
79541
24446
105594
41830
25982
47284
32104
87623
58140
39633
53859
85495
19778
107364
31159
107199
37068
