25568
80429
8672
87327
107379
17669
92733
51447
3297
27796
46022
106120
70184
46055
20722
118988
40571
74941
50042
35650
79540
96154
16388
40623
56805
26630
37497
91847
66138
82038
85707
1331
105455
70755
7557
17098
77733
58898
8834
61796
75555
97798
103995
17682
88900
71896
55598
355
107429
85955
45193
4513
81953
114303
119380
66370
63235
45320
84017
98415
61989
87839
55770
71365
119461
16538
80079
96935
69567
105290
71910
69339
43294
53576
47289
49071
17074
9372
24785
27835
85083
108589
11982
64089
38835
38035
93711
45032
110164
2649
21668
16966
51477
100128
79501
33132
43837
56009
46885
94026
38473
46224
13884
69061
114784
24161
31421
25161
75323
13450
100375
112716
26842
19984
19400
83498
68516
68464
29028
82606
97367
55043
29042
59150
61719
10238
32583
104752
11292
95103
115355
57967
16370
41413
80611
62463
23991
117985
23707
9516
119810
54062
65535
116949
13891
91138
61524
54925
2419
34933
47325
71589
76678
76578
12342
75916
24645
102653
77636
34177
35043
57965
110023
16979
117473
81432
30546
46115
100870
45968
27475
119646
34985
98527
102871
107550
9032
93335
50148
82925
67431
107043
5109
107337
47313
53254
101278
8729
50940
4379
3597
107033
53345
95680
63538
95786
11122
19560
87689
119132
14547
102604
47560
99470
101387
118715
91152
35052
78216
62485
28264
15674
26970
91288
113191
116474
74053
2955
28810
52031
40756
72398
37746
105982
75566
54970
61849
112107
43787
10648
12968
113194
99347
91886
84093
65185
54631
7280
38245
6180
79601
73720
64247
53879
24841
963
4385
5726
81959
13350
72418
3082
28975
45118
11648
89052
115104
89954
15987
49151
81144
4732
92517
104967
36187
63286
60101
61972
8456
98982
89280
56201
94149
67482
92083
36795
59641
101043
108341
104680
10631
34941
84488
63130
112015
84590
1424
46102
54373
49238
5645
60531
84710
50120
52223
54907
69561
113739
60947
114994
16987
69599
49037
44381
79585
928
42898
73011
73104
42461
28039
100342
90850
44847
52477
11729
25643
23756
96691
76746
34077
70810
20688
100095
82634
75908
106705
84546
101461
26171
33914
79204
4467
89281
35251
76326
19275
84649
21658
109968
95863
22084
37895
91846
21417
10982
20588
104846
26144
104775
96268
77145
14422
45799
76610
115918
95782
72915
53873
2831
101629
27555
51797
2628
47396
79081
14912
57249
17238
62492
81755
72347
95806
62363
29549
116912
80166
108407
98711
495
13059
119500
55899
32132
101068
98938
113847
59827
48920
79892
23786
67884
106444
52479
59755
76999
13840
13766
109136
21005
24556
67980
21646
83369
3847
6403
15675
16422
15339
96104
106930
71992
49692
12905
49155
91111
23671
106845
116871
119661
92014
1676
16070
75493
44759
20143
106675
68111
115629
21885
44505
73917
26153
94828
36729
43851
33853
51642
67793
32888
56790
106376
43018
88895
102874
32765
38847
52049
90551
65375
30352
56270
45661
88616
111793
69807
97776
99284
84903
28207
91174
117136
17912
66785
41658
23886
62940
72351
31578
88764
71566
116424
805
13775
70013
63556
19673
49104
91527
87152
14461
38953
9114
14869
21847
116385
81233
12144
95
55172
107297
38768
37940
104789
23932
7239
20002
76359
70804
112548
39198
70779
57694
43066
115452
71028
48696
115642
86061
6568
88922
92752
107587
97385
40252
35343
87931
54491
37261
82767
21568
26234
112624
62968
89300
12421
42687
94830
85479
104341
27865
56840
116734
8953
107562
80339
81288
106286
8539
117728
24022
25442
32884
47797
39178
42525
8291
5556
85889
56604
112192
97629
71292
83254
54788
22440
68058
93678
107004
38108
3495
34970
70082
103510
47373
15443
67296
92363
37727
81275
29165
20787
57727
9481
102143
111551
76675
118048
37988
71532
98285
49954
23868
16159
95185
48381
27662
37709
34869
96777
110952
86575
108062
48608
1564
17865
15042
101594
110525
50967
118156
80991
106993
26626
34401
11581
14337
62599
68332
65617
12447
34505
35243
86826
76405
99281
83415
104216
97256
20379
77051
92536
50119
23286
47146
7546
93799
55015
32345
77602
49532
24299
117583
10182
51034
79089
34417
78977
40438
60931
22310
110630
2498
32682
117278
19122
6724
15976
11199
90794
36499
99743
111515
55081
24026
97763
60560
102270
79580
63956
83095
57632
37707
100147
55533
79672
103078
1427
79937
55433
117822
110397
64651
8927
70240
7306
116702
59311
63695
20772
42430
48720
81633
88693
82023
104965
628
35662
118837
89105
29750
18159
16922
53070
110270
56318
69705
81200
118899
119534
53911
49163
20624
114130
24137
53734
102437
13329
78615
67481
71363
77064
112910
83873
85970
47678
109794
61048
51051
34709
14394
98563
43363
101088
114576
65863
21333
54505
6648
20109
36024
84556
49915
10766
119628
34461
95148
41784
109976
60301
65511
94638
45972
63486
97977
65474
93890
12643
88856
3829
103538
35442
84921
96678
54799
54738
60712
59884
5350
10438
99378
26837
111965
119688
21613
77669
41368
108846
102065
40567
84053
113215
13197
34184
28237
26461
38468
4970
33549
51006
92085
4471
75983
94183
41090
45853
117053
31653
105024
42735
30363
11268
48934
3156
117693
25471
52839
70893
48756
105708
30889
83573
70969
106191
47425
82491
49614
89838
44378
79814
76169
80249
99526
76035
52588
86320
32433
38675
26167
65881
56010
65282
61576
71689
88511
93016
24094
28674
46300
53418
12846
106646
68602
74298
51158
87310
19505
85770
16786
20995
22346
19192
12676
68362
17396
1508
2541
49330
31135
27136
43332
73970
30541
87189
45140
100093
67283
24434
94895
109593
48639
98874
1595
74126
10081
9144
116633
87766
63099
109215
93753
28329
63953
46491
22383
32760
24427
37309
41109
67656
116778
41158
84880
4611
115339
113668
74744
44067
65002
55031
99523
6904
31472
77852
32287
72809
53331
64341
13819
89094
29471
27050
80901
37547
55242
95452
1655
100065
97930
37173
108185
44430
72817
50174
66239
3673
61881
118121
117935
105707
55316
53317
63842
42992
3743
21063
21828
62398
7439
2758
51466
3420
38010
89198
71495
50816
9954
42785
10867
45981
73998
102774
85381
83353
46306
6977
41330
102323
69896
30899
57023
102396
109648
30315
43160
4881
14737
77623
8402
12210
19504
27969
69286
80053
89495
108885
81032
74579
27078
16930
16332
95443
63409
4080
46054
76101
35648
51423
85638
52737
108350
91968
85545
10841
10349
42307
23617
50264
115775
74324
118366
69708
28993
96613
118689
17187
95033
33747
12398
106612
38041
4549
106947
44919
7788
77537
15253
52578
11486
59897
23830
117218
20217
63211
87273
104356
85331
19873
100002
9650
59235
69821
44840
24897
110495
78560
103423
36833
94084
103587
40104
90955
107503
46007
20377
107986
110738
98246
96848
93035
11618
36847
49093
14457
106666
43255
60822
52984
95736
83100
78177
53800
36451
90960
30189
7948
57488
23773
46583
62136
117739
12104
30844
34561
34762
47002
44774
32646
53517
62991
58189
27109
6411
70708
67594
4413
81993
61868
1803
28639
119735
115317
85822
78107
720
58555
43426
65293
65476
107661
81609
109512
28637
113941
86449
6921
72181
80592
17623
114748
77838
88722
7739
75474
47866
111294
119169
76687
73096
41594
48368
42887
49856
36735
106339
40216
16131
100902
82501
38158
81649
33267
100895
31942
44138
36016
118598
89361
53603
3130
105802
1478
67827
109041
104017
20013
23429
34385
28821
41216
119455
81663
19087
44558
79841
46453
66705
19994
15933
105456
8835
12042
41886
36498
119808
63759
69200
26930
70724
90115
102142
42524
20068
53765
61383
67959
102199
13669
9360
39550
72598
75876
18497
79014
91859
93840
45232
70000
73539
2293
95007
53124
106166
114295
55996
75636
101505
40360
59592
64841
25285
50780
115353
100485
34340
29198
64127
116694
29847
19277
78029
26802
94249
11837
6796
39483
8314
31604
79447
89123
5057
25757
105558
40607
105956
87294
34434
17021
25734
100115
82584
89029
78803
118672
69623
76812
102345
13913
7511
59899
38175
11736
104774
18545
39246
116640
50658
74339
109243
65171
52061
2600
67078
48625
77428
32390
51911
26574
11999
105818
112378
100749
27723
68461
42327
12612
2162
86912
111198
96187
21251
42193
29661
117120
99314
106584
109218
10201
63658
84499
101302
65347
78693
115755
93315
34659
47259
15447
70581
19727
114975
65850
112751
79736
111845
28994
53725
35690
53074
18838
13849
25969
37398
74697
37175
118752
88863
14824
99253
21973
41203
23767
45908
5809
758
34329
63083
99649
104860
32373
17950
10158
101079
107047
48039
50402
95877
24416
26883
33637
1030
21131
77792
95504
4643
71785
22198
19313
112943
114835
117230
44781
79506
18356
66182
104432
82230
47242
54425
41559
100522
59406
96992
43647
119960
55572
296
106305
77414
26498
114098
68294
42759
100819
103452
104724
19417
115986
108676
62724
73666
13923
18542
28133
99768
84713
2849
48831
21652
60365
18439
77217
12834
32059
41715
90205
58863
15104
98973
18994
80169
58685
60767
8706
99005
67480
38941
53868
113186
113944
97653
71729
91513
2475
96218
112876
90539
118240
45657
2990
38703
23920
101097
62631
92920
117771
110777
15442
50296
93298
14360
76065
38979
86769
55409
32636
108542
13257
82369
54443
6579
86868
56350
96173
86158
105375
102263
48865
77360
74413
12839
111788
5296
14935
39103
15193
69899
91583
62292
19260
107705
92173
4426
105307
42834
2603
112790
63634
91871
10571
52729
76811
72254
110150
2771
112502
15998
109780
92390
24420
53711
83616
62925
10178
107883
76953
102152
2965
1317
28541
118021
39712
112689
21662
83945
114485
21228
104713
58515
23950
51309
64717
65395
2079
68816
83921
104709
102469
26413
117770
96001
6256
110488
111143
37893
90356
112343
93446
62399
80748
8757
90907
117422
5146
56091
13789
49088
45743
93347
115098
75339
118699
9433
35716
70065
71618
29317
41642
48291
32716
78453
2195
96684
32924
108405
39391
47446
73437
55887
13041
76980
30344
101528
74009
5551
119755
74206
82561
45270
74501
86316
7302
28638
33431
114462
8484
119365
64649
115672
112493
26174
41354
117894
80543
71984
37123
118969
80103
105433
90535
94342
104143
13253
49165
73036
41399
18801
48147
42096
100058
38267
28183
51520
40481
12259
63442
45829
442
58514
100226
69103
18852
69913
10673
74655
72756
95920
39663
89542
35941
23471
12476
59395
25050
112746
45150
37985
38023
49811
77760
115650
114737
46662
56442
22642
79587
30794
5428
119114
7375
4006
119213
75925
119414
104302
31909
107360
83731
110325
44080
34517
19784
82452
2912
3282
966
25350
81167
52865
95439
58254
83471
53656
1216
70622
64142
101116
69885
10018
65084
95105
113773
77833
57765
104219
18306
97697
58327
92118
97681
15519
113758
45574
57839
15713
92235
51842
13510
118436
34653
16232
64183
16486
81393
93644
12191
36716
36898
107522
96251
62838
79600
65625
1883
92719
62941
110713
51079
32021
22687
113670
110849
95892
91194
17544
5463
105105
79828
84313
31527
89716
106457
71351
76997
60166
99136
102312
54183
43766
4198
114416
93456
2388
73487
79812
74115
95611
34291
80914
71924
105041
26241
58082
106534
14910
109883
47494
13461
34105
11614
53087
61496
59839
22684
5424
40170
31682
9759
118612
1456
65216
58464
76956
83575
87878
5959
90125
56721
37226
64960
44021
67753
8301
104737
58494
113377
40116
82940
99477
109342
79234
91293
32298
116728
4974
106899
24901
59658
21906
74449
32332
23824
97156
5268
72842
98905
4843
31419
29722
83719
5029
60225
11662
54781
94997
96065
98846
39996
11752
16540
60992
95784
32317
24260
38873
66329
38592
92575
68381
39582
55712
49675
114279
77337
43189
73972
110934
36509
117840
28989
100399
72343
23205
32517
32039
49837
112293
2488
48068
59389
27874
6971
46749
108986
115521
9907
76510
41757
5329
45482
104948
71258
78369
50536
31797
114799
30614
78522
8684
34996
43322
55690
53616
73175
109320
43161
38539
112961
19173
92513
114579
44535
107354
94207
19506
115664
84146
46934
77377
89870
104649
9210
85984
83231
78389
34032
37652
83906
26990
83538
41901
112099
23517
88994
4152
118934
16472
91321
3258
34349
27242
45868
107735
4226
38751
50043
72013
6646
95929
62649
5144
75835
14373
111483
92771
111336
27324
100262
12851
28405
115716
7256
85171
14449
34121
75343
101057
52825
68494
42455
20271
13403
96431
37365
76559
86341
7214
78807
39457
103532
109658
87355
102906
76093
75384
87913
72269
55974
108868
41210
24734
33987
81116
45375
26561
110206
113734
23234
101660
18267
91080
114734
103701
629
21650
11104
4069
49122
49475
37353
43436
11559
63512
113516
9507
89416
92097
111096
