104932
112993
37594
65353
93707
70325
11163
82954
105964
12529
68261
56449
93183
52158
33198
20260
12317
12136
52518
12772
95190
80861
62016
33585
111434
106190
12605
23737
57132
50783
22164
5937
26986
20804
63214
82446
84281
102823
72073
57264
91438
62395
14566
30532
9352
37945
49360
757
517
12074
2338
119106
7072
63881
13161
13476
117459
67295
1097
57192
61151
32791
34968
46584
68967
85017
14675
101175
55978
97865
86596
34374
45550
18043
80872
29070
52555
58323
35220
10900
14416
52037
116398
95415
56157
84669
111946
44935
40953
29366
100730
36962
118876
87239
102329
79911
11893
1148
53300
25743
15786
21775
53792
89357
18304
39258
45227
3519
42731
38819
73865
42136
2256
88231
59601
51630
78399
89759
16093
79082
96164
56679
79543
27931
110773
119797
92426
31620
94955
77775
67374
241
119754
75514
28540
21979
48793
76839
3503
24768
104211
70734
26388
67242
84133
37420
73901
112156
102637
69591
116445
50738
3968
3771
112435
51521
16192
98690
101664
86270
19105
93837
71500
7561
3954
64201
42228
91799
30949
44160
6095
77346
50447
27968
39172
117784
85712
114402
89808
24810
35625
85445
19451
25925
65118
65677
88761
103427
47202
49243
101383
98870
113722
102024
107961
80402
7850
12411
40799
78802
10404
40640
11482
81310
90249
77536
61501
53867
5953
114275
46872
31359
64971
107187
25575
77272
47834
74083
36881
69121
103536
88721
82510
9702
32841
11168
5243
53735
36779
29238
50299
28104
34596
111184
118092
10919
91779
112144
6911
1443
41091
108948
59029
96770
93277
15794
61309
62908
109833
6589
113413
36599
28798
16938
44973
76286
72711
63359
108284
114792
65918
61517
95613
92709
53400
72456
106274
101501
97087
4179
110913
9951
2012
119276
67208
35002
18336
77146
114993
114177
28985
60987
34036
105036
41801
104754
91640
106475
100883
118084
89230
90765
15449
2327
98305
46835
51506
76213
26088
112227
103266
32466
59120
71741
114769
18599
118348
103205
49673
3078
23304
11923
46203
167
106041
115384
72071
12102
58436
16557
78526
103752
46830
12895
97259
116814
54436
6179
59263
95373
35785
23729
11433
58242
90786
38731
107642
46036
80487
8141
89978
57547
73556
41358
59794
61532
20615
118763
68083
