78584
52532
1544
71445
30751
1815
11889
61777
64706
105439
105167
63635
110989
116491
48232
114464
67534
114704
36870
29141
118046
36859
4029
30190
36331
99868
60424
97255
88979
4520
1705
95948
11641
114768
63042
46262
23711
75645
103013
88207
48956
79025
49441
2877
101787
89346
83235
112230
84934
17200
116265
70660
83251
83130
113494
104107
55535
31083
81602
114644
90477
80556
19790
119150
10432
49276
86939
38834
8369
100668
15202
16535
40603
86118
67189
43473
2072
53117
23632
101051
64380
103721
82646
108046
20821
14994
63041
64826
57832
24598
1599
79144
57390
93972
30671
116510
54057
37125
43613
78817
24630
64582
78407
101325
92812
119388
45616
19258
84389
34720
113002
63471
2323
18171
107889
91154
12934
111800
81958
90433
10446
100157
5004
38198
117211
44908
362
118700
30111
18404
43308
74082
24356
100835
65560
107812
72801
91297
117746
46091
77301
95134
114652
61015
54931
78628
109661
50294
3592
34476
18335
23342
63233
11078
32492
79465
16582
91843
70985
48868
85831
102327
80042
88847
27950
94483
4405
87030
92428
17494
108777
60923
72892
26416
37874
79479
104146
48072
52731
54412
53389
158
60033
44135
70693
87823
110878
98262
119874
111151
76375
111561
43900
102860
63750
69760
12128
22555
73243
92890
90076
91467
19670
9279
57200
37056
28649
114076
31178
79981
48486
49629
86957
100788
4237
87477
26100
72871
29815
45282
108322
2743
77835
88439
112074
103465
37779
105951
87816
3465
20334
88870
18574
114953
100107
64162
95405
45196
63234
30902
26627
38391
52561
12740
58703
115026
110195
3139
107010
48728
69453
28088
84243
49888
119281
89337
29915
67444
3014
105394
74554
98073
22328
115243
23257
41718
79948
79696
47875
97485
101531
59657
42200
61589
30994
26506
73829
80006
32619
37310
101996
42210
28078
53759
45036
16396
34248
41680
44154
60943
10973
42105
65275
70498
54392
67446
64491
119652
57860
36383
10593
93591
1335
84464
86194
109025
84869
36313
80859
94152
15543
81788
72253
71750
4876
108814
101395
1432
33720
95770
86953
112676
83652
107183
9709
59747
33711
83110
86696
32392
75200
106614
87938
98261
102920
48316
53246
73762
31366
81607
99552
96512
45094
50388
31569
71678
61646
61463
73551
1527
106576
7647
100981
36300
21724
24979
18909
55467
46785
103005
50851
36841
69977
103645
111964
39
61074
19210
80319
115862
55502
53634
35504
89240
117751
30547
115018
83789
8779
86686
103518
4862
103321
47601
68716
34647
34922
66764
60077
94391
7622
64712
69888
14170
87792
36612
61179
110872
14236
93234
13890
25447
88265
36609
117015
64736
30298
49881
66984
49823
634
28065
108618
44593
83882
59624
81141
3238
116218
81421
85152
94454
49106
102932
47573
75405
56436
95907
117988
57161
119842
13496
115147
75012
81485
74319
105817
53588
104133
83176
94985
35663
43041
95795
67072
72001
36712
27360
100997
60097
97342
105754
119162
53171
115396
26420
119805
36725
59873
61752
32840
70382
40439
105233
54327
109514
29576
43337
35407
116368
29533
81472
30011
25870
0
78317
65555
114408
39022
119018
17657
41857
87847
115840
93198
61800
36066
101230
78565
81231
95161
58269
37532
31702
17265
2067
53208
2251
42447
71851
15400
26508
27840
35632
67315
45583
46500
99870
90255
31093
55451
97252
17766
99140
9502
41856
54947
55211
55492
24560
43566
31069
53746
37072
111314
32078
44404
99580
22213
118177
46341
46660
48184
23585
40613
74859
113430
111181
50921
64934
20607
106996
66341
49431
93177
116926
109324
27793
38258
113867
75972
13670
55729
18895
114211
77720
3018
112139
62260
38113
111306
61560
12067
111028
14023
50969
24619
61678
51268
2389
4258
12843
37605
66248
46303
79434
119036
30596
89962
18865
38246
51002
44436
53383
44591
88333
29702
118451
104582
76882
32247
7531
116152
61368
80188
29575
103490
102863
99980
43048
109630
52309
97484
53607
76200
76361
22762
28915
28874
72409
54151
11869
103782
66914
388
107799
12836
23799
21604
22956
98981
78477
68009
96410
41001
46623
48649
10358
72652
108425
73400
13680
9351
89511
116430
118364
22855
38634
105576
29429
39386
75318
29087
14988
106648
115965
83164
87087
13187
56700
108496
48253
38987
59163
16256
92708
35335
96509
81617
29174
49678
74104
79063
100373
89951
39156
61057
63783
63505
9891
60732
110892
101810
101372
118055
9781
16929
22773
61659
119618
92000
49590
23739
117992
29524
49085
34971
79308
15798
7060
101828
50589
48452
91529
91211
112184
3951
89497
67602
92741
104453
6498
97947
93986
8960
113035
83365
111018
83896
72966
62009
65649
21470
41495
10601
71571
15862
38409
2312
67435
5585
61366
119650
1982
75439
111918
75022
118429
46853
58102
63210
75191
60760
20246
78138
97503
102929
64907
14788
101880
102771
52524
47102
85360
22299
69929
60478
5290
11852
91987
29441
26809
73614
12203
47789
31717
107975
93114
91687
64559
8167
94382
87848
31084
98183
7708
67984
97730
62545
14087
111623
91232
44957
32155
83157
72490
76917
89636
23608
114064
77446
97582
55863
113638
52067
49020
119430
65396
18071
56954
36005
42113
112843
5587
104338
95203
101229
15921
60609
119074
8142
56040
29766
58777
58618
82556
110306
14711
98843
45396
72288
47216
41832
104095
18312
106546
6191
13655
29773
48747
89130
26641
7339
19242
91774
65897
88388
89881
54532
118431
34481
77420
86286
112656
39344
34669
15881
57072
112516
72948
7089
111501
59545
53076
68428
7483
103577
14136
85273
17241
112678
20342
9929
35282
52081
9385
84877
8774
9626
26476
101351
84344
20915
83675
67949
78428
88682
38163
20515
53967
15818
29221
114086
40050
72393
29180
40643
53774
52793
17143
81733
13699
62312
3713
42947
109607
84126
119259
54479
100288
3709
20133
27529
39013
47905
116229
54518
39832
110194
582
8969
66288
38345
20220
1076
72237
29444
62688
23821
65166
77874
48012
61253
71794
50108
26882
66778
53924
107021
25116
14763
70871
116563
24913
115161
90778
82166
46243
26147
17577
86318
66860
106880
31705
4609
6584
81924
14526
104951
93273
96906
82178
33801
113416
53546
23968
5060
14047
100515
37619
82382
63106
119209
94561
59085
29889
13216
78528
116103
20630
72488
68986
57485
55237
71753
86023
63864
80034
103720
50917
8321
1075
1644
114190
32031
34062
74581
100377
67368
2737
77005
106549
60327
36661
62873
79318
50392
21599
51261
28084
19398
10153
19186
103527
50696
91621
93477
85097
17463
97103
91048
2332
92199
12022
64856
72460
58193
31352
95473
25725
58985
114325
2387
41955
8324
11469
110576
69183
67987
75571
57661
61550
8042
298
63204
81743
69142
104690
31907
20734
29460
79420
39924
13603
51758
82840
58370
61987
20090
52652
105846
15667
14492
41204
73674
94556
97597
112356
44000
107554
34103
46970
89577
36686
83698
83995
10763
22748
27608
99234
53764
56800
94254
69170
97498
5915
39914
98428
30358
35576
61070
104560
116013
18313
39315
99346
103198
5064
86056
3038
97380
2376
33941
103897
94914
83360
26539
20751
91229
58052
67981
16986
99179
89068
56073
73145
101096
96928
21591
86050
51114
79653
10552
23781
41514
70249
104097
41536
26960
110160
45365
99599
64399
6696
24628
39081
86628
92926
96351
90732
82392
109109
46687
69769
80157
51956
109654
65357
34856
104817
44429
112360
114100
88711
96236
111473
101033
22908
37679
118435
6138
39876
51392
110316
116202
47551
56950
18904
57115
11689
43685
6834
98341
102058
7814
40589
44560
71710
35639
77245
38790
30971
104523
30561
38027
59763
16758
87525
89271
89776
83668
24485
84467
108897
100958
89726
102379
101602
53915
87116
56809
19367
17067
98521
43919
66020
42662
46082
5186
71268
107753
6319
36288
50406
10110
25194
68439
5061
49264
78390
26258
73019
19911
8238
87177
17757
80136
87429
66807
81887
42734
52209
63186
109790
14689
108730
53368
86315
87305
101534
37196
20910
64780
106851
39548
68318
62430
38869
81484
56651
92060
117049
67606
28411
27013
10669
82
17219
2995
27607
70328
46915
3120
96679
103993
72686
51780
97283
1343
106678
66357
61335
118674
23156
46981
111500
46667
54749
75869
22382
84901
77599
56631
65553
18133
50572
72015
75246
109303
25607
49402
25737
19135
69218
3801
20426
97229
116024
64277
80135
35973
24906
13963
23871
26861
53639
115634
117439
98340
33064
41475
56588
15185
77074
78823
57300
111533
27806
17275
11203
18376
43195
42756
14052
63671
23338
114643
37526
78134
79348
24339
69189
9174
101790
25317
21745
85633
95138
77354
6862
39361
61687
31631
95211
67204
118031
47256
59017
58542
17933
20114
111402
32304
29030
53863
22300
58797
63206
15358
10073
116057
88344
56048
3690
88003
76486
15672
107519
94143
59736
102277
12018
21431
2585
6118
57090
92687
62322
44144
74687
57260
28419
76577
61846
85559
76478
56609
18236
98468
14687
6710
22736
56483
42707
118020
48758
52697
22472
85399
11299
50918
46726
35134
33480
23540
115679
47818
105102
52710
83438
112091
45565
94037
41043
21367
79800
114152
94134
68762
18613
18821
18940
69482
46002
90366
87138
42534
24858
27492
21213
95426
2125
75783
56359
72984
99832
36943
32849
72279
107614
83844
115999
117502
19737
49371
90299
93174
115170
64515
102426
27052
114904
75594
66673
26213
88718
4155
72927
58546
32285
47438
58510
15415
63312
33200
58730
44917
113068
54850
108195
95626
119890
57872
73457
69614
1472
74002
112853
37615
71872
43147
57101
42767
40296
60329
33458
71303
83748
102522
793
52458
96183
118083
15917
26537
21019
92707
28486
104472
49572
