90252
61654
50154
46364
92832
10021
6159
46913
106136
114352
61920
109018
119379
64011
11695
107461
112681
11814
69340
3650
37088
66408
64586
115998
96913
73755
33192
27816
10198
86208
102483
3304
90102
1458
28468
29162
50642
8658
55813
117158
95353
32
3479
114804
105173
80036
62891
65550
105903
61995
119752
30595
93766
115837
27962
5883
69016
109260
48507
1034
68875
52657
76859
92264
2130
90048
102497
30603
49559
9787
65887
92671
7148
54286
115668
33424
52342
32804
85047
85805
65742
14133
9488
12329
42818
103706
79989
101905
49245
103537
72906
18451
55419
15777
65153
67118
31006
79661
94229
40542
58127
33000
105609
64437
110721
113051
36139
13121
50481
90376
27735
23539
30714
94455
88748
15592
88766
103020
54974
30963
84096
52239
65310
19099
4370
112210
118176
44629
9494
32098
65342
22546
6206
28720
47566
97215
99762
105345
45486
61642
25571
58246
99201
115718
37308
3998
39322
105373
8631
54180
20390
71925
45214
111253
101574
22709
104337
82054
34926
25820
24712
88908
82065
34316
74365
68242
113457
75942
114336
24440
59679
31811
84527
50644
108815
90758
79921
75734
79128
64018
80563
109072
51883
77978
96023
72592
21338
5450
68432
57349
86416
109050
111773
17280
86394
98813
102573
3793
42153
35283
86090
58646
111296
1848
1251
4166
53313
5529
28157
30533
68509
54619
65990
64552
9974
52026
58709
17458
69510
47461
10127
10077
29667
96302
46717
88085
44713
17922
76232
87285
35563
30665
115980
91557
34196
14690
43587
18062
110017
77970
2857
81533
91478
34717
50675
68444
99533
36046
16233
5173
80237
51037
109578
55345
95073
86740
548
79500
107007
74541
63785
13660
74128
15074
13690
4277
29778
47262
112126
31826
111107
56135
37096
92056
55057
98529
30523
73626
49463
10942
44003
37934
19532
69369
26112
8474
112815
82040
53173
114261
25156
8128
81051
18592
114710
1270
115119
114138
86634
100098
16754
13047
32863
51409
81692
86042
87356
90320
38750
116804
19613
89914
17611
37120
102988
9151
104919
26458
66947
47648
21445
19928
58672
74523
83457
68614
45117
6907
23625
48165
34154
71140
72836
111570
46831
28151
44456
95494
1399
42331
1567
84075
62609
113802
73088
83045
69089
100542
54270
86229
11196
19586
83096
97926
73914
60212
84794
113884
27299
94172
11715
101437
109448
65983
25943
33580
98166
76749
65479
71094
27228
83155
36839
63778
68750
86436
27938
57627
79117
101556
19619
83943
22429
77111
26296
81681
107248
42819
98660
70024
56740
35963
68979
4392
13527
35170
59560
34983
4935
98443
8721
23953
63332
100365
101983
32131
3565
21522
4682
64362
64365
37565
28040
41612
1454
86916
110124
62211
58263
102591
75670
60631
53134
61377
92335
109452
45353
107464
4280
15562
98254
65406
118561
110936
23774
15278
22754
46252
29150
20985
119927
92874
61308
91398
106186
95453
16963
26265
36039
63730
103209
19302
61583
100448
39240
71670
65355
71483
16442
42719
14407
98560
34365
76323
5021
30035
30731
70961
70565
87276
79330
80561
87101
80435
36181
72098
85975
34253
92329
24633
55569
19438
35088
110659
22712
82453
79406
118764
66771
39023
32318
47179
108409
87856
67564
7196
38248
78505
70430
65508
108465
36527
119083
103171
93928
100964
89841
34289
23750
40681
16507
76310
6345
58930
106625
111017
116421
104408
44033
51988
9572
35517
25424
34298
32207
67507
26846
98573
85167
91803
114383
71278
33014
72065
112894
43142
9821
86495
34620
38997
27087
76415
29196
62811
79032
99069
45517
90380
115460
117430
70179
76440
11388
64034
2024
73008
74566
50401
67079
47460
103244
89575
90148
36152
7504
68099
8742
41532
90339
84367
32111
99783
83607
18251
113032
70790
67865
17178
85746
54612
90059
33488
46757
69239
112198
114191
13736
5614
69030
55711
3382
13294
82906
114039
45609
93839
91762
58164
68935
77227
109344
56008
51605
54023
16778
118891
117311
91046
22
33017
26790
57481
83555
55937
51993
92299
75789
8319
33201
95034
73580
76316
14772
17906
1391
52097
33427
21627
42803
59784
113762
83677
46196
14109
6192
35803
19844
113642
57726
86631
57113
13298
79913
4851
109959
119559
38233
70223
90497
50373
71754
53091
80813
37981
65183
93112
36688
65609
92925
53427
103593
7889
29062
114934
27532
47810
109783
60133
36159
14720
61648
18052
46644
8308
115220
86699
47564
47370
24454
101533
67932
37027
43987
50060
58038
73862
82073
53310
75288
85993
39930
90117
35118
94328
101047
94698
112050
110355
11628
47950
49501
55578
29632
100623
95286
58904
53977
106596
5933
107077
105892
114212
109240
62384
8826
4784
118599
56791
51570
113897
70103
2148
91937
112963
34022
116018
3261
24249
117900
8734
19887
83736
25541
47415
82340
32129
110198
58206
106995
112403
104165
19788
35577
69887
41193
113015
56276
95772
74690
21849
31544
19624
74322
79238
65338
33470
82056
96751
112544
23256
36272
101005
35942
101801
115361
7486
39405
70788
27530
47684
101371
32450
5138
273
47236
45025
29987
39346
92261
65228
63999
107378
9928
53215
80002
45252
96536
30360
67523
39591
82633
102316
63317
116970
87092
43006
56038
118224
118203
76540
67775
17712
49720
100428
81109
99271
31575
31863
105030
108248
870
101547
62057
45007
57816
59234
95064
115044
26470
56102
2070
22462
50995
62632
23245
105787
36665
94476
108970
9908
16354
83392
14607
106999
102088
89244
51161
38288
44206
49966
73631
59253
15037
10802
98892
3705
10866
68139
53180
10534
36482
98972
88448
101020
81254
64096
75485
9277
87960
47557
59301
96039
97238
10732
44768
11333
50301
107253
71866
95647
75388
25100
42020
40960
73664
39528
79535
12100
16920
73138
110572
43676
79974
119348
50649
110723
67893
81813
99078
118045
46846
6649
111487
100196
104907
106096
26308
427
12793
12150
86568
50812
73289
87681
40015
50547
61186
112319
85676
99612
58942
56216
112613
1405
116909
37653
94944
29947
29491
47720
9087
60102
117924
36388
58935
113891
73788
85452
20053
105427
100555
103556
115199
58596
88770
94618
103426
75111
11026
3991
23411
100228
44181
98432
66842
113818
75992
24221
80789
99270
3353
25560
111009
29720
101045
86379
11232
92192
42827
115256
19968
108769
78654
115240
14929
2763
81833
73494
14276
113814
48329
111860
7865
45272
96637
13447
93371
87474
37038
50558
26624
104318
92158
15240
66140
86097
76482
102348
52857
21830
99703
104941
93709
68445
7453
68684
73540
22986
108574
29056
36723
107475
113592
108097
73855
81885
102729
73790
76456
46142
119820
105007
71085
118143
93510
76871
28614
14482
55030
69152
27103
84675
118115
114341
105695
44531
20528
60976
30693
50953
18695
88330
50460
107273
93246
9524
46710
21642
114066
38325
111777
34331
45460
113473
105717
11289
102851
98066
81118
73251
112330
89931
114813
19627
46756
21693
39188
29512
47676
23225
61704
105032
55781
64254
83207
76448
28606
92394
47539
15262
85243
15144
107500
43197
7736
102578
38433
77973
34934
102051
35715
75223
115647
251
83759
4672
73109
4569
112280
100210
34459
95662
62346
8299
54228
66216
48856
61126
47974
51729
56748
17195
69441
33690
72036
40018
40074
94750
88973
10918
106296
75572
68132
46314
8756
34664
18249
350
103456
110891
48272
13131
73049
27878
8503
34992
84414
101692
59456
94898
13456
101436
57787
1062
60704
119136
63341
96631
91344
99564
59733
52278
59916
42942
68433
24517
78363
46351
61181
49540
31572
21953
116053
41924
59868
25732
9394
79033
57374
64228
64332
19283
101015
87283
62004
65491
32334
57979
27107
48748
39976
78097
118262
86445
67462
10246
114135
101755
69235
26170
80866
49398
37092
20945
106467
62847
6491
70021
12567
45536
43670
23211
73504
118113
70471
46752
38625
61418
17006
62380
65697
95560
95605
32744
12428
67820
58804
64275
27395
17654
33712
39595
45852
93499
72855
71573
45927
108230
30366
49630
116597
88969
106951
78622
95092
102715
99639
118792
86033
21270
58280
105953
64237
35784
93326
50891
448
36254
42198
29382
61320
109170
30905
98800
72256
48399
26199
63609
54028
109635
17500
81976
68262
11222
36799
96817
68969
9220
50647
82764
23580
11851
18642
59937
61435
28025
93551
91548
26691
8354
46361
43306
80928
97399
70863
55342
94276
