19740
39736
91816
43087
700
112675
42660
17792
51042
94923
2045
70046
40964
112410
18941
20189
56557
91560
114743
10396
79956
37914
71997
54798
98186
49414
67412
46963
37687
24186
35096
20388
114492
51090
93656
117414
110361
8738
75233
18242
11561
66010
41770
8428
50420
28880
64456
31688
28533
50053
1579
54317
58114
84373
60155
37336
81103
100913
118487
102236
26391
97616
70160
6633
3107
41758
63544
12187
84861
51661
72122
8578
59786
110945
73077
104116
80742
50430
94133
24793
94231
3507
23478
95497
38889
89380
74613
21164
50088
26035
118575
96920
96589
75656
92137
72823
42899
94110
88321
49035
98544
600
117450
22475
73194
71304
75096
16102
82565
102567
117099
33772
9858
21350
105873
42567
5382
113876
61591
88731
18707
34328
11285
38371
43315
44855
98190
104389
76975
72406
84729
102015
27424
98205
52142
40498
4515
90987
98845
4428
42861
107397
50011
4742
88299
91468
98753
1127
107028
3314
23118
12633
16528
61939
75028
7590
28219
13920
50216
45691
61042
67612
33563
89115
75421
93795
79449
29596
93732
23969
94108
34881
99458
32211
37722
33960
11402
19615
117114
96824
57749
56493
76007
34581
107772
31299
52747
21330
85164
95970
1325
31079
51194
52108
87691
75176
7875
77944
37519
44954
42376
63006
32255
31263
41626
41243
25977
5181
10205
84104
26866
81584
45998
23400
34442
112161
90742
117135
88859
7364
31611
104940
46519
84274
34427
20290
83796
47152
50698
45781
116644
92403
107001
70834
97464
74225
102427
22258
90142
86821
84438
17059
83060
106200
82488
66994
2491
65549
85076
22662
55257
77914
69865
71895
92068
115597
101046
119608
64509
114957
110657
64730
106130
103243
75784
113354
13642
12417
105283
83456
71653
34375
72612
65180
58358
98579
20886
68330
46626
119358
104286
10163
117570
24197
48139
41250
15874
59195
31735
40217
43011
47323
71252
104865
43226
101499
41874
11445
32316
17868
109835
36594
42955
19611
114781
58616
23328
12165
6532
118754
88688
118486
12762
52501
57351
43764
119410
68203
5401
102768
59123
116584
79583
113367
52035
99928
1855
58786
59229
63663
9615
91497
23294
66172
79481
38593
18461
4586
107545
64387
57
44663
52357
34907
14169
63372
114088
28670
22234
70153
61240
49372
97775
25357
13685
4403
80154
95009
26058
78408
91958
13916
79633
45108
77371
31669
403
84149
67351
64966
103326
11739
54038
105400
87573
93357
53597
69450
114838
53961
5639
98841
49606
83758
31538
44879
8437
53628
26773
2259
77403
30504
96343
22608
83541
92103
14306
76008
112295
70482
97585
76930
30285
34418
32960
69943
74733
16728
114660
54245
35631
69081
50815
34649
116349
89678
38798
43098
42776
98064
43022
76856
109605
63131
18714
74531
94241
52106
18444
56817
13039
26918
4834
78551
12591
31998
100271
93211
62563
69439
53884
29568
70268
47744
100889
62221
23551
83364
6197
106238
39055
93690
14823
32668
101239
63045
7187
114724
110807
31058
11462
40299
61094
89027
78172
95889
53203
63207
87202
80278
74781
99145
18890
26285
78182
22927
40458
53762
28498
13219
66192
13977
47600
97545
40530
97912
44678
4846
33055
58081
63994
89993
103639
80329
34771
41195
6193
65324
41891
829
2786
111285
110064
65273
42839
31401
70177
1559
35890
113840
57658
47268
55247
52125
93998
30953
113317
4504
118222
106978
111086
60633
13407
46620
89427
58697
36466
6452
85710
81881
103633
60727
40761
67174
87555
86254
55952
102254
44213
94137
38331
24148
16428
93367
82959
9001
119082
28031
112021
58763
72925
89670
5409
63290
106773
55347
14828
90892
89941
63548
29089
70289
36465
99998
93344
79792
40150
268
92283
22228
93472
13696
82687
115466
25625
7233
14116
5431
3723
65939
45374
49896
81714
107258
69442
51589
27102
85944
109734
82360
21387
14635
2779
63404
91457
19064
59087
48985
20904
25064
23791
108799
32470
47849
5132
93305
115419
89901
57312
39460
74106
25204
37480
116360
68658
97869
61623
504
109110
24695
25122
73326
15502
69650
106867
75602
51014
44483
100630
80630
109234
63120
70585
102250
47781
118458
46754
91485
22341
115975
80240
4311
75334
80587
78357
59543
111632
110687
54865
7635
20375
18431
21009
57350
112314
86267
27616
82252
5533
25037
20924
81164
60795
117306
90113
49853
2752
6581
34980
12535
26371
105823
71958
32997
35024
116461
75686
31028
63468
26220
68696
107029
55046
69911
100242
85080
66038
38508
7001
13418
16010
91325
112273
101454
90352
47388
93068
103769
52676
31281
110589
51860
70619
81509
113481
59025
4594
59106
14760
102940
2163
83355
64397
75186
41607
55362
84673
87282
10986
54043
108312
62627
71163
66295
85986
23448
33973
17910
61316
64698
77739
91426
20268
23067
116050
88151
37378
109038
9212
84573
74018
88395
76293
77426
12685
17072
90397
45730
36048
93592
113475
47249
33991
109281
24582
106057
119256
97489
46092
27541
86008
71214
21055
105925
81631
48891
94694
44857
58332
49090
827
85507
40568
6874
32077
85554
52901
77105
88988
59934
63378
10991
25377
91000
90814
88230
77718
98410
101235
101762
112188
73446
92090
58747
53675
75682
83866
61522
53630
91989
97455
61400
16554
94587
108213
69538
95554
65794
113662
92910
92727
11239
60406
29417
82868
90290
13467
77356
64862
19885
27495
10921
1265
85786
8463
7810
79248
80500
17849
94656
31552
36257
99359
24945
33612
104567
1151
54456
69618
83463
5306
57856
64831
99964
369
59059
8457
10505
4598
11632
49171
10930
95221
55137
45332
117528
92466
34322
37367
10483
96228
21305
105878
10570
50371
55053
19433
79727
5120
77487
106902
114663
43276
41456
97866
52258
73419
33920
54649
92525
55796
20314
38120
110429
67161
66501
105048
19408
62394
84587
106273
29035
20944
99898
104966
26290
110080
3265
97143
40023
78680
59719
85923
62317
104153
91259
7263
8623
16916
54024
87920
48270
57985
85292
91280
86848
5749
76977
72328
58326
93349
50707
10908
82614
59415
71357
30154
22461
99551
106922
93373
56997
95903
26676
76575
102016
62768
68452
6013
75909
61375
57042
49158
46309
88867
70191
85186
5316
107259
3687
114944
87318
97166
35415
70473
38746
4083
10267
14244
110005
2029
55262
4099
116599
37571
40103
69375
72284
69040
39604
24336
98304
66076
5899
73490
67976
110634
9585
14745
35204
89631
31616
84003
106311
101403
16849
114281
80858
77997
57082
37018
58939
17491
11596
118264
114217
55103
87638
57218
85902
88873
105470
20843
75912
74102
88568
111505
93439
37935
22200
39021
110903
9728
58124
66693
54820
35019
76064
62517
23880
12065
