40171
95617
49340
65700
95320
100774
4102
85662
79347
107151
42242
54427
99929
17286
665
49425
84965
107687
66376
58491
66958
45319
18095
107103
82410
43510
83620
17036
22852
59808
11487
34786
31276
27582
14831
107416
19862
93090
75432
71106
117325
71260
82796
114210
31113
15873
66587
1028
32124
85493
12392
84562
29841
47192
15125
86751
87338
45772
9321
552
28783
19036
95532
108348
110479
12970
79257
112644
34391
73533
3797
54633
5443
61364
63318
65747
44991
85030
95551
59728
22755
114911
89569
16577
6219
54756
6229
96576
55380
74041
34432
49613
25297
30498
57652
8787
27125
75607
88005
98649
93030
39469
83073
19787
117903
97516
95909
112635
39392
59793
85578
17820
119230
65528
52149
41207
114355
45484
107777
65513
13038
51107
110069
95788
82527
5893
98159
103895
17499
83120
112680
93138
31456
48673
49941
53611
4804
113920
53425
52679
67130
73045
57016
37699
9160
94240
21339
4343
44990
93651
26043
80856
72497
72057
75898
52520
2347
105965
94479
60344
74884
65129
15090
112569
57902
6099
15545
95780
118315
50925
103919
40905
46436
91062
7373
52322
48531
97002
114539
49422
18806
34626
34830
112520
27468
118882
77032
84725
73572
92455
46651
64721
36017
59979
48775
10884
23030
72539
67448
110779
65306
28527
