119944
96689
23738
100670
76766
25528
24053
10920
38264
90640
63133
97538
586
62488
35703
69999
114756
46512
19353
1043
112143
84780
68477
103559
86840
73380
112780
12702
106451
24743
7154
75743
116150
27858
100102
41533
32365
79560
117333
37487
44922
13012
37407
104969
78280
39079
119098
61480
101770
28424
82017
32606
62916
16662
49724
1720
93560
57294
1851
112239
70077
7257
14361
5633
87163
89359
80274
11979
68169
39124
53176
119577
11921
53615
37739
117640
27292
89382
16409
86153
89391
4351
104291
117263
69403
112922
105304
15710
42736
64852
110184
46063
106415
115451
11134
35051
33873
115546
92292
48356
55742
59202
2229
12295
37785
94891
75776
52280
26022
110613
25608
79798
91743
102441
109163
49100
66159
62435
30505
107983
4375
48540
78918
57889
70796
69222
68599
89864
109526
62642
78523
15440
41597
20573
83384
26217
45507
21081
60026
117090
97129
76030
69025
44256
69029
15670
34530
43201
94138
74535
62709
87649
104387
35553
78893
7010
102725
25896
103079
17530
98102
86283
55074
74077
21671
7412
11309
39420
25889
71923
7188
43805
26888
19462
68701
92339
58153
100934
35771
87096
36205
10497
56384
38117
72629
95229
110109
100302
30664
86040
46976
62812
95163
76208
59280
103042
10688
12737
26431
91402
119765
49116
63464
91932
61171
83233
110718
22398
33475
49233
24862
61456
111175
15092
56302
66668
14761
86966
38474
82395
78947
46455
110317
72684
60140
16449
58780
89259
8140
79224
85849
110984
6881
27177
41951
63414
2183
63448
112903
55983
19188
83145
5447
455
119456
95117
106442
88923
532
64643
33237
104427
43540
101546
49029
20443
36266
77087
6018
84215
65485
78275
114493
13615
105571
56682
92665
66374
96506
30248
101510
38584
53156
87366
44612
3753
40602
118884
30537
79020
85968
119610
93694
68549
67007
73992
118538
30521
60997
76464
100992
53334
39579
108540
103249
79049
23590
102903
49236
69809
15485
106365
4721
80900
22395
81397
35114
60048
38008
8806
20873
62712
10243
73411
91531
56613
1404
70055
51097
41034
46210
9704
378
80352
5851
54150
9601
84358
48376
118858
74281
89412
42380
102244
84397
26025
92643
9961
102232
23083
49697
48665
11523
111068
30974
84995
13829
35073
119529
16246
35297
45069
78933
63835
4693
58871
117850
20551
50235
101779
75990
96655
40822
85214
20657
48867
7380
72552
5414
41759
60694
5015
62347
17152
48195
36744
8548
60345
65332
41052
4842
38472
87037
87267
76772
8148
76728
46110
116206
119655
62208
59380
55706
60773
68749
119166
114556
71306
39202
28395
40574
102577
25730
112474
4835
13633
54727
68030
73878
39507
108757
115697
112352
104396
103707
114973
2141
18169
4122
12338
36832
57634
51844
43520
110394
2025
109588
52944
89316
118389
112401
12889
98589
31752
68396
24395
103994
108945
81856
3194
76996
32427
107693
98455
92713
69324
37247
88779
66199
14255
59019
64071
107331
9025
48224
115474
54605
45456
46445
4726
102609
16960
84450
12206
63764
52978
71977
55959
59343
85823
10062
71202
55732
75238
42246
14299
86218
106094
46247
58627
115614
97328
24946
110994
73524
56892
30956
30723
33303
91907
56761
58767
31761
18308
95160
83362
40828
8975
69909
75144
104794
106516
6845
75629
84152
7048
83972
66987
115552
82144
116540
44616
54309
28184
86022
31628
105453
39721
88720
109623
97277
117854
119400
49740
90571
106703
86731
49388
118534
66104
84747
90046
29633
87000
82029
116482
87301
98242
16619
19281
66540
117212
113185
118610
74810
26291
105430
106800
64791
89628
63767
18114
95025
41740
92278
61078
94248
20816
77876
20675
54476
100100
1339
18348
17058
43334
24916
51047
14933
96874
38308
86262
36647
97672
37734
101607
6676
19597
81228
107861
80116
9096
70320
5155
116688
50527
11014
88517
97572
118941
49107
37040
32763
99065
91035
3979
112886
67365
57403
13295
71380
59651
30034
30786
66525
115627
55065
67866
89967
80133
61500
78782
112338
50506
1361
86186
85318
69597
78429
104514
73966
15381
111559
75959
25230
111973
60502
89
102449
97957
85789
24605
109389
56676
99202
20603
57535
47765
95355
68146
1462
106762
16378
7686
64577
53378
30946
77333
62592
32164
34460
97319
56104
99130
10644
96239
72913
106960
107278
31545
51187
27722
52511
63067
19934
108633
74881
84760
46134
79985
52509
63819
114272
35871
93739
92291
64477
8181
61806
57343
96454
57177
115589
71502
97797
58239
80799
14793
33760
19811
73474
26855
30527
73543
57064
44134
68619
60110
102007
52590
91904
118501
64890
31235
93700
11699
30549
89543
10058
85608
25660
59035
85865
86776
71683
52232
41072
109347
19152
54882
68689
97015
115869
10951
23315
95923
65213
13894
87383
15379
64690
110478
59652
62524
73354
33124
89809
116779
48740
73086
94344
3889
60189
102253
106799
112763
24610
25668
17417
94754
57921
24025
13262
35484
18248
106610
55787
72535
84734
44175
28597
117284
13602
992
53834
76552
50400
51629
119666
69412
19431
11911
86595
31057
30421
114651
20444
16949
93181
87128
114884
113243
85350
68629
51631
57809
23202
114367
96661
76794
36528
28697
110880
112375
78251
98754
78586
53160
5709
77525
81104
87810
46533
102059
106404
84577
57247
38801
104492
12486
48715
22995
103600
81450
20900
108243
18205
67473
26120
57263
68792
46418
27456
33186
55439
90195
45199
62329
47698
55436
52912
56348
11175
107008
68148
11252
52806
89467
35935
60355
101479
25666
69281
96812
110787
70919
2673
7311
67769
4184
117892
480
17277
104765
62640
22166
86311
114014
43941
31119
64667
12129
10447
83225
28528
66789
87549
47671
90344
114716
30739
24498
66740
90410
32043
112814
87729
41897
1504
115305
116547
86573
23121
6263
45050
56387
80193
83730
65362
54419
116943
26445
97614
94630
7038
102809
98337
23199
41519
15912
56697
108015
54177
115221
44662
893
41841
69578
73672
33622
81780
38457
52929
30580
27760
16693
89201
96243
20585
92726
92929
118494
37671
77527
106134
19050
33121
292
79676
37977
98358
84552
72400
76047
112158
108598
96788
1821
57891
60187
8852
98000
10519
61959
31260
10474
118326
21784
83015
57404
95274
36804
50028
40106
113177
25168
38072
21921
62298
56658
83927
69452
3667
51551
58378
52115
2027
77141
27449
23183
57119
43829
19165
98764
61069
88932
112301
58172
94035
27216
55667
22965
66298
68150
100841
100048
31880
96881
39099
24874
49327
72
88981
107517
111858
78895
57777
115321
104606
78954
38219
42100
17350
61292
13005
66263
115854
95941
79579
33334
51353
103053
74778
62262
87581
24470
58924
93754
84563
52242
36064
67384
70442
62752
14272
86862
40994
36044
41319
33794
107793
27930
103197
74970
111839
7467
23263
76462
21916
53568
52093
85137
16320
104727
88020
87089
82893
12221
1453
56542
105880
107607
117863
101376
111649
64479
108666
83264
113703
79388
8671
13718
76904
106100
21505
96459
52919
116432
102375
8648
79341
82045
110257
111204
37951
93550
16098
103879
2861
27306
76252
113454
9720
84850
61647
5483
63425
92197
45212
6657
65645
35062
58677
51131
67989
21752
81580
49681
37403
33785
46665
13309
43100
25171
67686
98939
69104
4127
27664
45020
53002
35906
103486
91323
1619
55372
118320
101743
50372
98881
302
26426
65689
107548
46211
20506
80824
9102
13136
65564
45535
21917
11375
31866
64630
38177
74605
7042
68920
48078
56769
4663
47885
81478
119720
13489
64317
79408
61680
97286
47237
25988
43793
37968
23530
52742
116178
28729
45111
45298
58458
117194
65593
5417
60488
40323
52498
7430
51813
84041
84743
30396
17542
8322
12423
20537
70091
48959
5674
109622
91763
113151
35071
25435
47250
50678
21717
53271
68119
51314
20163
16579
48993
107305
83127
85985
39577
43790
3884
102216
93926
100071
64969
48564
44362
85440
38849
28514
61803
35262
81045
39677
84695
89560
109729
50273
47479
40983
51789
103419
30562
112983
32535
49741
109055
14622
61491
77144
51782
87067
22205
63285
71770
51829
18991
110820
58104
101393
70214
3660
110964
21038
79398
7496
11446
64036
5730
116497
87683
47982
91436
55322
71099
90603
102649
119219
10306
9810
97497
1588
48840
20315
74903
26064
103498
114619
72962
118831
67210
41967
79307
98362
57477
111707
53914
85304
83909
25693
105955
10796
29831
28108
112249
9672
36550
3820
110047
46181
67759
36497
79570
56528
19455
5590
50525
35447
48873
105655
117891
2641
104519
78638
34691
111893
47888
53013
106332
13844
12825
87350
56590
69469
33286
69506
119885
39779
90655
31522
17878
34010
62261
79147
112872
90591
96022
18576
1854
106363
89332
98547
33680
56382
9436
88440
33936
90800
114411
10402
45027
18996
13138
118316
73775
83611
24254
80095
77530
61561
66695
111641
104238
78294
14637
86791
52616
5147
71372
10520
33602
43684
94533
90042
110025
