75556
8553
31455
88497
27800
40242
112354
94564
46393
89381
7132
38709
64876
59966
59209
66928
45116
71947
104129
89031
89125
106219
56166
6236
54388
41940
97486
9073
91963
75009
37154
110111
60724
59781
2002
112199
2189
92927
52236
93699
25769
118236
107722
16774
116844
116486
80466
76287
27829
1930
22950
85443
15345
69736
68660
104964
98053
83899
99961
110608
112279
1947
34282
88325
39631
28630
21540
92160
49935
42711
35714
4440
109552
103765
107384
35660
13313
34235
7904
88091
46113
69264
50577
111813
103488
28596
74529
30810
81695
93642
41420
13017
16191
27859
24794
48607
27388
104646
36023
16002
958
7130
28598
42348
10323
51526
63392
44969
86683
34978
23656
103814
75583
41301
25183
28276
7405
82503
101222
83152
101109
86997
8107
72506
26579
88894
4519
20853
55595
3716
16859
43138
35525
1759
77460
91720
3540
68814
63611
7264
1289
56554
60223
80894
23165
30259
46147
71283
77018
61768
41116
63614
41172
44149
29167
116075
5439
34868
62499
25056
75672
116693
105063
28665
116266
110015
88381
10430
86674
84111
16041
103087
11713
42822
82330
9622
84051
28213
53574
119078
15070
36737
77773
78056
30985
104842
40156
83578
65004
116571
117772
62440
34877
5131
89050
59563
96621
53542
91298
86778
52632
76224
102276
10371
46728
66583
9917
69184
23307
109504
90012
39951
76330
42779
70712
80754
40520
53789
95056
34482
10315
16687
41303
15444
116763
80626
26136
115561
48365
51760
26844
118154
101968
27333
99845
106779
85847
50327
30732
13189
33558
60308
22513
38384
80000
78743
72695
34097
56433
59611
99172
108601
46414
3226
87910
93282
76300
78443
13316
49962
91657
63377
36031
63444
117866
84759
2364
105058
749
7826
91872
7823
25464
99950
111367
101394
77904
8220
5301
102440
15112
2086
28467
53604
96378
70868
75162
92670
28438
25888
24808
118785
42354
6832
97938
54991
106301
85352
29008
22955
93296
100601
42205
20111
32495
100507
87126
104033
5997
40996
108625
111619
37112
3535
92567
87894
15205
69851
114694
12008
19101
103417
4437
83090
70451
42033
33382
119101
11331
28681
108310
74450
96623
56818
113359
6022
104592
50496
57000
59922
4781
68092
38670
72858
57743
100576
93123
70569
48952
52570
44286
49682
38449
66373
21152
57978
89040
78260
77171
72295
42592
68776
103554
91644
47182
93598
117495
13084
87438
23104
102737
18621
46996
72435
59908
18392
45973
8568
71378
6265
98821
106072
9286
14478
100164
73328
33924
67961
688
68258
31587
78652
68909
71458
28640
112945
53544
93955
34250
114344
9294
110474
83880
50346
72417
83298
43287
69099
24947
58181
112473
2587
72495
102879
107651
85728
15270
76048
9983
47412
35633
109014
81000
104025
57298
98088
15423
25754
56174
71342
112041
119526
98952
60838
72300
17595
48410
56949
75772
53907
10944
58047
88843
921
76199
41847
101884
20393
81113
4828
97387
118553
117976
35233
9396
55866
118758
4596
116618
3024
77742
73531
19857
84006
72631
13975
592
67199
67059
100915
39804
42555
49344
49712
48571
37388
14903
626
49013
109927
113039
27537
15575
118127
11210
109127
65585
99550
63407
40091
21821
47794
48620
118663
36698
61429
60441
2154
28579
83871
80125
109311
115168
70254
42923
28635
76969
38842
94388
22594
52099
24601
108173
105766
40902
35322
48128
446
24823
96985
90961
35763
52535
2515
111639
24189
62296
111311
71413
28062
104766
61653
38066
86678
16853
119601
37139
45438
34905
117999
104740
49718
114779
52248
33187
112140
56703
97974
95841
41662
83105
65772
45435
75454
25307
58062
51394
14315
17496
86206
66154
33284
85340
53339
51493
59907
80843
113418
70479
95470
80060
23413
35804
95819
38894
109785
41087
87757
118856
98705
56299
96792
30178
68449
29474
67939
44343
109259
79594
78556
57554
76926
94874
34557
13803
98321
30645
103869
107221
4699
4263
39890
74060
114950
62959
32751
29136
39939
58467
7648
119038
76626
42750
26000
119675
8269
51496
73399
112851
22785
118643
62409
64741
6821
83820
59375
51463
66706
14662
93893
49835
83704
28068
21578
57997
109531
97288
7858
50208
73390
77179
58954
28802
10695
10757
6659
95705
48464
55167
77413
45287
31082
59331
40891
729
61075
107939
98361
28704
111152
22688
26030
2216
95671
3903
117716
49640
36533
53813
77132
29567
90525
116561
16731
65023
103187
14919
92437
62866
52334
109770
67377
108839
15940
115436
69448
117070
109244
17698
11827
23110
732
119094
105328
128
14426
20612
86875
104651
82982
59805
91607
6268
35497
92293
1847
9932
2044
56469
21257
80501
29518
42256
60693
112977
47922
97995
23007
13454
32314
4579
112893
4326
45706
77961
110407
97844
53316
71355
28293
71425
86269
115804
48244
66926
42556
70277
44176
43086
81951
49275
21686
83391
71309
63212
113610
50374
565
105779
484
106969
3006
28005
27767
100198
40152
86604
107389
51793
39981
72273
47359
112244
58636
94086
50766
9752
90726
65958
113424
14089
11005
104448
119505
90096
59249
12286
42506
11627
94975
72412
53177
79384
46386
100957
72103
35252
66004
105532
54312
41915
18869
69006
54589
60153
21971
63709
86589
755
15606
10597
55640
54849
22522
38679
104203
113360
50311
75617
102208
24534
51191
16221
32418
49338
41211
52126
2035
56133
17441
63676
41618
3803
82317
78816
109751
51483
18700
70061
109642
6291
79429
96363
76179
47436
79329
28590
105154
74927
22988
110798
12901
113298
15834
63218
20683
22621
34917
9280
12370
94822
23807
49006
49273
83146
80602
26971
35575
4573
88940
25028
57524
74311
89334
50951
108093
58673
66142
89186
113524
15024
50732
659
34528
89089
78793
50910
93144
15895
111406
113336
19315
34325
15785
35224
96161
75490
62388
109792
51737
118311
33519
59650
17326
13453
110267
95335
109020
91916
30987
11295
118291
22798
74753
43783
32534
75358
62835
112457
66901
41180
31787
80149
67337
105518
14590
69353
51153
7786
77195
36587
57436
111370
60456
34025
15928
97190
85788
90329
64870
43863
47510
5948
3095
81453
119508
25590
92901
7922
91903
33154
94743
103708
13251
90575
110759
101101
99493
33134
32585
54063
115253
96765
89368
40205
117525
54682
115191
95027
54049
44811
64215
79192
119835
18955
63030
19198
41864
104537
97291
27854
52338
50230
104597
33523
24021
55376
66340
17545
986
20188
93186
25561
108831
111865
23902
115540
37289
25
7425
107369
4620
25918
4214
41885
82740
91764
51533
95392
78786
110968
21095
73604
43508
88937
113845
7174
26740
58412
22577
31795
48560
28816
77785
111133
118816
18636
12073
42322
59122
1664
36869
61798
106229
43370
74256
13661
15001
51834
96752
30068
19249
83842
95657
