96845
85274
74811
85576
92540
104733
87330
24471
16261
108018
65696
80408
77443
21874
43576
28676
89959
59218
7219
10207
98920
34104
117654
93313
16042
36174
98382
24126
92856
14143
3252
26721
9812
99077
22632
110441
28277
44266
41369
110549
79665
110181
42625
16329
56898
112705
15382
27060
118583
114029
9162
19370
46282
84524
86625
77938
32032
53786
50949
35235
75639
10408
37313
66976
53085
57070
92324
27226
81259
31231
84911
40143
15336
39990
43483
62101
49704
15064
95690
58142
97257
107437
98688
1181
104293
32560
95628
47234
27146
103572
82228
10594
68232
28360
110845
119686
48199
54471
109591
16489
108780
118050
66255
44750
1723
52693
94332
78581
29158
18147
20085
116955
16273
99309
88077
48214
24888
3868
43600
116273
119412
114684
33199
11435
62389
718
62900
47416
90763
71019
117833
34956
64911
44258
40112
112349
2353
13907
17852
41490
91272
20871
69068
109773
7255
52581
105386
112895
23966
33774
26767
62918
59291
99882
57470
104521
68043
24549
65913
40115
60263
22049
87551
84286
17237
57639
110867
82642
3950
75786
15176
90699
40318
15386
84495
105224
10101
115031
33579
65901
88425
85716
6082
53412
102215
41688
113581
27301
59238
30226
64666
52217
29098
51612
97124
7134
73314
64344
72354
119217
113910
72796
17970
102049
110565
108505
113394
69479
8736
60162
62175
86030
46167
34397
83487
91225
10842
16956
94449
21666
86114
36817
9338
81512
55306
44834
105017
24790
107863
88807
67159
113420
80828
37617
98536
31789
40425
26277
67630
12291
65048
19698
3956
27897
107060
91092
94180
16617
50456
105962
1668
65839
59286
84276
8649
36404
57056
52091
56716
73386
84767
48397
60710
99342
8918
75603
36165
61242
67985
109953
110128
69082
38136
47371
51141
58141
88300
101745
90791
24708
65596
51598
35594
78392
98514
110694
22448
88379
42874
101106
32049
45255
105111
21053
92620
5420
110508
74711
94655
106160
37239
119158
92328
30734
110686
353
4388
93115
52102
23574
113302
13830
114460
42232
71399
100850
36158
92961
105842
22733
11479
102121
52687
116653
100502
6680
105277
42778
105025
117579
90322
38396
102917
31888
43855
118447
2788
91865
112757
51905
102103
100472
87730
101852
68202
15930
106547
93895
17308
74146
23752
5153
113141
69268
103815
1574
29361
33654
75654
18276
98921
39216
66467
20689
20311
20316
98
65988
21013
68733
55656
88245
68849
112382
88965
62367
93693
36363
76662
84619
90518
111299
104685
881
10969
2979
80672
96074
108995
84016
1070
53004
40910
82984
4272
100499
30343
96214
93304
48069
95398
83724
20352
61908
115806
57321
83641
19096
16202
74580
15801
103719
66060
92003
24232
42853
103044
110086
44648
41547
85503
67880
100595
49092
102617
37330
62746
70638
14403
78717
94109
18193
9312
3127
1114
83674
85907
103958
41653
45316
19891
1825
24896
80688
52207
116309
85946
28714
16310
64867
501
12613
17830
62404
103304
115778
112019
78264
86106
4313
5128
372
39062
44280
36234
12029
57849
97540
95681
106035
23480
90908
97689
61233
19346
76941
55943
58350
115366
67031
16143
71198
72916
105482
11755
2244
85729
18519
105568
45132
53674
7551
42648
2908
22454
93085
108913
12255
39761
11967
95288
115600
82927
11997
64090
44711
3695
77870
12537
90480
6994
86711
112328
3915
46547
58337
36922
106173
59359
48804
104788
42966
38079
78760
48668
68763
77678
34207
43227
2810
85560
53932
81489
78092
103082
32762
83822
71674
81336
88564
6643
55741
86910
12354
74735
9639
55626
105555
117873
119484
52949
55045
69798
8974
66722
34741
33052
86447
94524
94936
117629
110470
52711
108146
113169
65477
86205
82006
102722
69819
64117
3274
91218
