88468
75533
71672
86334
17686
56240
940
32576
65792
25994
45491
5063
119889
48156
92639
47917
108275
90224
13574
118522
103671
87630
94308
7472
35840
7972
4739
73061
73957
67638
102675
45704
60544
47271
113374
27162
60124
62567
32821
101193
97919
102122
9973
69386
55674
20281
15200
96420
48426
17642
115336
50584
38030
6621
25074
25883
106972
116562
69325
74045
63408
17337
38297
73009
106265
87369
8961
25670
19363
49976
68802
93086
60851
43175
113871
62581
7349
91661
15521
102026
104891
33698
60415
89669
47749
111369
67957
60953
110021
26589
63010
43767
116249
112717
52819
109397
87205
100531
105562
48137
39578
51224
34904
81638
81986
19179
79889
80788
48515
40821
64463
96711
68115
33345
114534
24028
73899
1650
89705
89861
64965
55099
33099
91609
68272
75516
79194
110323
55903
32796
31953
105827
106715
40628
46937
12302
74563
76891
101484
21491
21383
62360
102963
50781
96291
115510
23546
89296
43303
118417
81524
24502
13176
555
30051
83885
62277
116607
47161
12010
105288
118212
116958
50003
59620
73603
43547
76156
21494
100231
113909
31592
116544
21867
98778
113408
11690
18112
86858
27651
57521
116285
51976
1174
110916
107809
91245
118886
41146
116796
19230
3449
92889
100552
10561
52650
14924
117511
29647
41883
101837
71907
6269
101419
57166
26999
28995
58725
2847
114000
96494
52434
49774
3504
88170
71777
105355
28603
9886
1390
102913
35221
46342
47109
89013
37525
87139
14747
21691
66967
36726
17401
21002
102633
16891
84105
19919
115773
69754
105519
106719
4320
68743
17806
103567
38815
47444
64193
24330
22250
46811
90761
59121
53545
27726
103012
645
20234
23912
29798
106012
21937
19161
33265
77387
58711
73361
93204
22221
90746
10106
103715
71462
49261
2751
1072
90225
29232
39133
24516
49940
39461
24049
53240
80492
58729
114331
40042
44440
53275
33626
115141
69417
110561
27186
7145
87299
24515
42690
51307
76498
90994
60806
36198
76715
10179
117582
6705
51085
89002
46920
12034
70321
111229
107516
93706
38577
93529
79113
26124
106149
17
88997
32481
23954
88137
55523
10844
8131
50350
94662
74266
39141
103971
116173
70603
33773
76032
111900
36348
100103
118065
75446
37338
111201
25748
108351
61156
94209
67648
71032
18983
9358
46851
66039
65445
114218
49470
76374
77252
50488
80171
117420
56499
86501
109054
1005
53090
31192
95971
37620
43229
27049
82129
96697
20095
21525
35478
102274
23491
62055
1305
116374
81043
46587
30152
18412
83519
45139
90423
107265
83108
36480
59871
70252
36368
15123
90027
57121
112423
44151
72867
65569
29541
29236
107153
27568
53250
13707
77548
66732
48529
13071
65561
17710
44137
109775
1752
12666
115776
79571
98715
81334
28022
75000
44234
31002
21347
52574
41571
115100
87536
7235
79215
84617
73973
106460
17443
25269
42664
66821
19537
68343
97005
48401
114616
46929
11494
8389
34862
30841
88996
65250
47996
65016
57165
32054
24169
13485
14620
14801
33900
12598
34964
33953
42532
104575
66804
61434
54209
58864
4160
61289
22193
77953
53236
68469
46532
48858
38767
109712
81387
50310
97301
71559
81811
98622
64626
103265
18710
63832
51058
59126
99109
10076
21974
99033
91809
10883
7919
109952
115784
106082
5352
75131
23712
1323
109890
114003
106235
35928
31937
31623
73507
47647
18405
11642
17507
17252
14698
102858
15656
82474
10414
117517
13175
83639
68078
92580
73730
35876
64517
63554
67163
52994
58637
86013
117557
91015
71318
82128
77036
91646
82881
107527
58149
49990
20307
65904
80607
109594
34441
35135
8155
42626
112699
542
27130
12704
100907
100173
42671
41871
52430
33789
31976
27067
65695
117300
73071
109042
9663
2186
39857
9631
74384
68183
73054
60503
54036
1311
108277
6458
54990
107980
93087
102878
85411
106243
7047
65775
81286
64475
61088
53023
95993
78828
36192
84606
17051
12382
82705
99292
77438
101567
76754
115861
5531
22841
59711
114337
112797
6399
28972
35862
65486
109377
29618
68333
69659
103696
119254
102524
74938
95881
24243
113998
62159
53703
98929
12566
32498
63724
37001
108408
14217
110136
41912
72180
51967
97544
94799
18443
38512
3996
9875
116061
107623
91380
41032
1647
32984
94579
106575
33311
21631
39635
5946
22073
96115
93773
111301
63163
3817
105782
96955
52605
92608
49639
73926
8115
32381
33617
16144
119160
34535
42036
43555
76325
119231
36768
94263
16526
59835
13632
105870
50507
43915
19166
47022
56914
104099
62319
112200
48163
41232
3995
62924
855
25692
86484
118725
115203
17217
57099
70030
15860
12060
65254
52478
62179
103278
30805
13143
110982
33836
110782
41454
21869
66053
22469
8636
42954
91717
80851
11114
89233
69406
38109
72445
23576
36810
32774
74411
71823
39235
79212
94565
42911
40351
1372
119237
39501
92881
74953
15428
8645
49283
93488
65067
108006
85081
86621
85621
63702
19892
89037
78222
79925
32772
39095
37272
47157
33732
65181
11888
104980
16822
7466
12576
79922
111218
96021
88276
16462
93042
109017
44945
12556
118243
26467
57275
114949
23100
106892
104914
23826
45137
5256
98427
56771
102167
114085
89634
60673
46209
110089
114042
42051
84925
42171
36915
