67144
105625
50514
89207
28246
105933
65781
87843
63889
73849
119023
112984
71803
90436
112429
93610
85522
62226
72147
11350
73427
110596
118666
43816
110390
5742
50111
84005
65335
20891
76157
68033
22833
35609
91027
102481
117644
62883
31356
48002
118781
103592
112323
103461
108057
6306
115607
75988
55900
35682
79275
29591
12577
25165
68678
65610
90839
81386
32601
7703
82277
118273
47691
22122
45830
90893
88916
81610
43966
53681
23630
57739
55173
45494
48617
118120
112419
53860
28739
23889
102712
37205
108578
13539
74078
40835
1169
68880
62247
7950
86909
81264
111915
72361
60532
21696
42271
112830
72009
11540
73756
77148
45999
36569
89903
17305
79068
94676
47470
84508
24587
68165
54119
99398
61848
89940
4991
20616
47132
6358
112761
42328
43248
107972
46375
41265
101710
31202
117270
20449
35969
8267
74519
105910
81928
3244
26155
92644
56410
10625
18288
57246
35417
12886
21391
109202
63466
63029
52843
16640
26306
14915
101450
72222
55947
59367
59207
77559
88329
108430
74933
30346
29956
114761
107834
65759
13087
67029
105371
52048
112856
26911
88155
57610
33673
32174
116862
92323
100510
94405
21231
62158
59457
50877
41257
55875
85018
8764
117653
5850
105142
76070
111827
115873
46819
29398
41304
24678
11895
114008
70582
67437
111193
21909
13392
92463
46189
114914
28029
11924
62082
56672
64929
4848
78115
16871
117855
111577
53696
108264
29590
17483
117826
88131
116088
14029
80285
62243
105271
71756
87996
7272
1590
4758
63440
82420
48502
65996
18590
62798
57261
55786
4387
14735
52190
111235
64864
96127
73091
79929
2242
4642
77787
45557
28303
37142
59631
35271
111766
102285
54894
103396
83585
68255
101588
17736
31796
101136
70492
69420
23210
28793
73885
27279
111423
85748
64807
18192
106329
95389
26111
4806
39698
31247
73653
21343
