108461
13351
72166
18047
52009
58974
84693
76021
92434
51332
109923
73636
41580
71763
14371
21336
88127
29425
85925
39531
25254
91123
38707
16084
17729
56459
58923
23466
7393
65718
3280
66281
103506
57722
83713
101717
109715
96668
39280
104490
44101
8011
56398
113180
118079
77543
5615
16703
115065
49807
66096
115089
117366
24354
53778
45503
12611
116761
3224
3348
55647
81343
77603
88087
119617
108733
54414
80827
56688
58192
118905
13377
68642
109646
80295
117809
72700
101878
93971
31381
11012
102378
28317
62601
53239
2730
118303
67732
67319
18849
74511
89430
43447
34825
84168
108603
33435
76020
86819
37051
6208
107727
101725
14020
80010
24592
13935
22739
104040
45409
33350
55245
119734
82227
35128
76184
47725
105971
30156
87679
116014
112241
15059
37214
103311
12224
61771
85249
40495
7845
110711
106744
62696
119413
50966
54912
78473
21579
113952
105981
45466
12275
87755
114527
71124
29691
51344
84333
23602
78035
95989
94659
13585
54387
38806
80467
67348
60264
57370
42951
27780
36340
56095
50615
18797
35078
74346
36765
115362
15372
48306
106422
84592
26869
61911
70752
109057
62944
32161
19440
118453
5137
67222
13104
86461
104027
70602
15401
24929
110555
41807
35157
95963
115136
109030
82287
79546
39409
76525
55208
33291
60505
20694
55180
84365
30304
103545
47915
13847
23718
115258
41348
2505
98872
84453
27063
115290
51535
121
68082
48883
91339
9691
3431
90722
25005
119383
38991
74651
91149
87314
14776
116696
115281
35249
12050
16689
93733
69671
94335
55709
6811
114409
78777
95518
71017
100501
40130
60114
105110
65723
59962
110326
29774
7871
50410
86490
58564
78901
93361
96006
108103
29399
30437
78529
94158
63319
103281
64327
19655
85782
77172
76669
40485
84874
65994
35528
18511
11102
116948
94327
67530
22444
89148
84724
42894
84681
92678
6351
11240
63672
107738
80231
7008
36608
100402
79742
6556
113154
105774
99795
29865
77684
60637
111919
31248
101716
119257
93874
86955
5819
81996
49874
90865
87175
1473
75975
16863
96203
27580
54562
96045
69380
45208
92062
111689
10823
45962
73038
50069
92762
69823
101820
18026
98923
74423
79918
108183
112495
30480
45016
52701
46312
96027
110771
69749
111379
111246
31595
35846
79278
13903
111983
110449
24591
47933
28167
61147
97200
112011
49865
42022
74116
7896
99544
46886
61838
12767
75625
95587
93770
113666
8683
80431
119872
96761
17841
75448
69947
7107
7828
98591
19226
71405
70733
33341
115020
6501
9227
29129
41485
117705
59803
37517
28992
23999
78882
55938
37233
72268
86002
112862
61723
78151
69086
24431
68732
31168
56960
43791
116412
72697
50252
31630
79595
17663
59009
18399
75641
79650
79623
3291
70099
107535
14848
91318
91559
96648
74644
36792
98456
13021
81909
108360
58831
46079
71531
73477
105769
87099
117781
107097
39980
8378
15139
82437
115519
39424
55589
114844
70507
110216
80366
116201
40901
22639
71228
35457
40677
34656
72106
1763
117799
5110
31137
72774
74162
95840
117835
85757
61453
43460
101590
19351
16899
3810
6187
80370
79960
81622
117601
96586
61958
26983
42497
68465
115588
29558
53278
113407
20719
85659
45469
57876
116968
581
44179
69354
71767
107408
113119
63836
82869
66745
41802
53189
77490
72200
92590
59443
76648
47487
11927
109896
45568
41252
