66318
19817
18648
71787
82265
114762
83967
84212
88685
78087
56725
119979
21123
41070
107476
118696
116940
107472
46044
107413
45545
100050
9187
116668
98619
108428
107102
70266
74874
37155
72463
39943
10952
59724
113069
68806
67583
19174
54448
45024
117396
96371
8241
114816
45361
82440
38398
34273
44285
12292
72550
116986
24399
86645
97306
349
76083
82381
89034
51762
56138
55203
65992
27165
50724
88332
117964
19077
56881
113260
39442
31003
29911
57585
79283
62191
83518
115196
53391
7961
112411
105751
50629
85005
96649
5113
30338
11993
30279
71253
43418
21324
95529
118920
93295
39844
113648
117786
99455
109791
31380
64039
2227
4421
34425
106004
60354
21616
80355
94162
69932
7097
114126
42641
2878
51499
50150
12323
83662
29804
66660
36828
16239
104970
50634
29511
53636
92198
34252
8249
19092
18025
56089
100380
36
27419
59595
27478
112206
30829
21056
13323
24475
4241
9546
64007
113525
13458
21965
25106
44923
15948
89063
95467
43389
5400
3500
61082
76908
113478
96226
66646
24070
114817
1973
56173
76629
16128
66052
15723
92989
41895
3062
2680
75445
82578
101447
38752
33459
36392
27902
4288
113099
40188
50454
113621
23597
5613
34290
24333
19233
1823
96477
68440
111879
37241
113829
78497
52654
98223
5161
77749
43108
60507
31252
30646
106140
119024
103138
114589
45119
90612
72546
62429
80913
39562
108020
95858
49913
3150
82689
118257
14543
76671
39676
83947
38367
103477
46366
45676
42701
42054
86859
52543
113401
67712
71045
47655
202
97122
90327
86471
33140
56574
41766
1392
52185
119421
63177
16674
52204
34124
32491
36720
4937
16366
98788
104113
36794
53887
62095
52904
118826
103322
116282
108253
104413
90563
99132
40633
24207
8594
75658
87752
76339
106842
20717
95904
86663
102045
117877
12198
84960
12824
30329
56735
83420
119616
79932
55723
29248
92028
50706
61207
6991
57684
50782
6137
23122
65241
110927
116447
83629
15618
92847
106830
54284
16581
60403
118580
20451
81238
49890
68714
20434
50222
113075
4809
82994
8949
111872
43412
84165
69732
97592
90109
68644
115102
102358
42962
79837
53050
29302
115579
110665
74368
83729
90158
97703
75798
46033
