73137
63183
23445
74829
67784
115822
18279
49539
90216
36505
2295
90140
21913
36228
13463
30395
12527
61245
70915
119626
113208
23897
4052
25526
48288
55069
90449
60041
60235
7732
47795
88504
53515
108828
69594
42539
74331
61396
19973
90874
98004
108414
60978
29084
46563
46357
106218
104884
45109
69240
101785
102943
97687
2277
88310
37556
42959
84666
105840
76187
67051
46182
109706
14102
67944
64293
40457
35109
33679
45924
13217
76027
103768
44970
83836
87157
35498
83494
89563
42286
28600
70695
37992
103240
101605
94593
119716
115311
28752
105623
23469
111547
54413
34861
83017
97893
31204
59782
67794
57790
51673
100988
113181
89921
93350
28247
81084
83169
28350
71345
39123
2156
5124
36628
23016
31373
37372
35326
115761
66179
20938
49476
62826
85679
46426
95584
11639
53462
85964
100321
40853
41648
60226
63057
90878
85032
61336
75595
67066
68712
886
38803
93777
32107
23637
79612
114571
58715
33042
117700
65268
114254
61359
106504
90635
50357
36563
29602
106632
23877
43722
20173
112426
16413
90853
28773
54009
12665
39688
35471
90165
42517
96235
84721
16694
29839
16812
80529
55553
77293
15496
93187
9448
105972
76392
117631
92673
102496
47197
29943
42786
52727
94682
8687
63263
41024
9898
3128
63791
99877
91797
17787
51193
112062
38346
115201
99028
86304
100409
111132
62070
115772
30945
40634
114484
110101
34218
45033
78860
6303
70625
8372
66951
64078
27084
66130
65115
51942
33882
7995
72533
48061
46255
45502
34311
88287
102561
113544
80777
95144
27741
20644
33625
28713
29384
61493
23297
34232
39927
73007
115531
34779
42483
37454
45674
92695
103862
110804
49125
2881
105521
96657
88689
109566
81085
6130
4472
86325
42829
114896
115093
6160
73576
110799
85821
27668
69321
104807
71001
64343
83323
97266
51274
64441
84150
67425
119177
74316
69160
90891
70396
16745
9116
51032
43844
110585
38082
61890
95407
30928
47976
58492
24244
63450
6355
75677
50680
13368
48854
66113
80889
94869
70864
112246
52826
58441
39931
58521
7039
16868
94261
99313
43492
119791
15747
88536
114465
43043
109692
75859
3927
8833
112257
39120
89083
86001
33287
81360
114311
81640
12016
49277
32140
23060
2008
93889
84558
38735
31874
72929
18238
904
106431
75430
112422
114001
75568
57432
106613
40157
84941
100833
108219
19236
32713
94058
65716
89447
36396
63306
39309
45697
96056
32339
107878
20274
101740
37171
68206
83976
119928
45709
62118
70412
97669
55929
98107
115848
37039
13091
93574
76752
109463
116068
7643
71093
66381
71457
33917
81761
61697
113131
16862
90405
21799
67921
37115
85159
87926
109839
25847
49368
113182
115360
67173
104871
41212
9039
65256
67730
81101
48362
38758
7031
78126
86895
59326
53101
37957
5800
95913
104772
7800
108604
47884
48654
26585
87308
36350
39002
37357
57380
55004
26716
46019
102640
23018
70526
107820
83934
71730
21620
77391
32756
115658
24177
21863
62624
19124
95192
62043
24402
113059
94326
59003
35557
79055
50352
98290
6024
80567
5338
99436
54350
10614
53367
36797
82250
9166
7150
84811
40596
90789
84792
23867
96469
74892
52463
14203
76347
75080
79244
2833
51111
67616
77230
71505
67145
85438
46716
4814
87208
113489
80477
14387
48851
28206
79621
50871
118558
37838
47824
1780
68371
969
63918
41280
24459
55715
111590
97460
54415
45222
64279
74890
37792
115694
82978
91389
113012
24082
7341
110696
109439
78846
8759
69387
114503
108521
41328
76696
33992
22912
97655
79365
27014
15817
35914
23748
79669
70646
89561
32820
90054
117902
98805
82385
59267
71776
105888
31579
109226
49685
103519
84784
50077
83002
117192
42713
42998
95329
103666
94170
13504
54748
103533
38809
62763
1801
5968
26643
77076
36149
109822
113655
42180
89336
3676
67558
101176
48301
104091
9988
95938
42034
117523
26878
53687
62013
41433
27337
84381
51142
107746
93400
116460
82922
98383
76640
34419
36433
27629
71864
73499
45942
100874
57557
40326
50835
30333
74558
75517
10322
98941
93815
21859
38172
48261
42188
102822
108396
24156
35321
104410
14295
102661
53978
59721
6824
61087
82751
85731
102138
6371
98111
91242
65237
26505
106118
76655
108288
14390
66972
119030
86863
88341
32607
2829
7666
103733
112307
13517
26298
55375
68479
31348
61866
8247
70033
25832
62109
24326
94309
2139
47245
24047
5871
67618
108919
72571
60060
115012
84317
57936
79514
63754
56687
113908
94373
9904
72881
115176
30382
69076
118282
55366
14184
14156
52400
105404
72733
59478
75593
27441
39310
90157
28021
100738
115571
52021
81655
104862
71760
105526
21556
41102
54516
55703
57976
62471
108558
80163
4208
16363
73287
76836
78579
110264
4136
19180
4220
37847
110227
85385
17489
43293
104267
48119
63803
110792
80453
73420
31935
52546
65173
27743
2937
81635
58943
4422
44885
90057
34492
42979
9430
103579
114876
118880
102902
53402
41769
52807
86215
57422
5284
88952
104536
97586
55083
89251
33295
87440
95414
112324
5280
100077
48700
12341
8630
92297
13318
63269
73015
16618
52752
18961
19621
61873
40349
52804
45591
5190
28632
14740
65102
105658
88260
48618
117848
57028
119439
38782
110898
65465
83257
109837
16860
56230
62772
94713
3216
98203
56020
36421
7838
72611
63590
104569
85335
97502
98435
67400
115489
70196
105122
88292
82217
94538
99620
24480
8263
107852
77258
26068
101750
93006
48059
18878
16198
54675
28948
43731
101386
45622
81563
20207
34547
14
59250
99205
97587
2976
96272
66409
112100
101089
59888
118775
4841
52303
10997
47105
17246
87216
46590
116937
63768
40190
32135
51159
96624
99926
19684
85437
14016
46327
99867
60072
51043
90966
6186
115407
97889
112758
15746
91088
16681
101400
57014
85660
22361
109143
92202
4443
113017
31390
6144
13064
48637
100702
64176
106573
48124
74904
5944
62894
47030
119567
67805
89062
101552
99907
7847
12602
45493
6785
89850
13755
111164
51774
78045
41332
6898
78076
101636
108893
46374
112420
61537
76518
3960
56792
58177
71829
36386
318
12325
13208
110260
98479
50593
94204
94884
28943
14385
41942
42221
6857
32494
48705
97796
59440
47433
64602
21075
93261
3511
37201
59265
29708
84661
47167
48406
107262
116498
64474
6847
87006
2998
9953
23296
68128
70467
22527
37955
44523
78714
71700
115826
81703
100556
37387
100046
66676
65319
56110
112240
90756
4073
67836
81884
98494
37299
46504
56665
90214
28749
22099
17243
107289
35696
53748
34845
119126
80386
57438
91064
14075
15107
47381
111372
65920
44034
65096
118681
82091
8331
20692
34466
65459
60654
40355
90024
19430
70263
53082
54344
49561
11140
73268
41736
85768
57695
66097
71186
81497
61486
62868
17462
110357
8772
94705
76511
110251
93336
74377
116182
3429
28786
5732
48460
86560
2438
28723
85042
80617
54440
21520
108569
56849
50736
86781
119398
79776
8905
65841
84484
96508
2762
28464
93179
70093
84068
38695
90581
23670
10112
81879
17935
57434
48173
117541
92747
44761
83531
94554
82373
21721
39970
30819
14412
105738
65151
68219
118477
114421
42667
114618
105720
88622
84712
54315
65008
72931
108381
5721
35741
96274
20795
41656
117426
5330
24602
40169
85929
92581
51864
23971
4450
51790
35996
103301
60273
86742
85697
43318
42365
76473
106198
103561
78362
45552
15561
35574
34257
83056
18658
27898
40708
1525
34972
81391
38930
62729
110814
56744
99987
79883
115110
94028
74894
26556
73704
107260
16183
56742
28394
66210
43045
48085
85112
75971
72258
91693
93140
104120
22901
28732
24876
88484
98911
34716
25384
99227
41343
100088
250
76528
105245
4174
80980
8867
64068
95084
61912
60569
49184
118603
32727
55198
21227
52018
832
26961
20221
103942
62249
6996
112503
78286
59969
79198
92098
30538
101262
30534
105407
547
114511
104548
85893
61669
49726
93702
99678
85845
17493
66817
115933
9745
78672
113850
36221
53296
111736
47859
76245
47571
96569
88258
18081
48541
63894
39175
46858
102439
73771
100931
58238
3539
73662
76710
94918
106116
21661
105230
113682
115927
22568
114655
45511
26031
11276
28371
55445
35027
14499
115952
27371
96961
8866
98917
103915
1272
108681
35602
69817
5224
28459
8268
44924
18489
75426
8899
115591
85332
60719
112214
89638
113074
115144
14613
60605
13674
94642
98016
18272
63525
1753
88581
78186
21323
61269
72671
33647
29376
79200
54242
33086
96893
58823
117591
35891
47981
58043
103143
59428
2032
119327
59464
17471
65832
17468
59607
21723
119425
57037
11862
83026
112177
76110
108485
52917
83621
103735
69552
4182
70142
99482
103947
56572
74313
73806
87161
49021
94498
19826
39104
24257
66838
28964
94273
19231
15484
112416
29101
36782
51643
82828
108273
657
17802
5446
90626
13580
84544
54680
101001
77626
81204
119218
11379
92433
97297
86136
21264
92215
36051
95447
82157
99261
59905
44190
75306
38462
109145
34949
96307
61093
98824
67777
85817
23697
47582
94052
42381
98017
31025
87041
105184
58768
20327
74240
94129
75606
24160
65044
97235
66888
79504
64985
110485
63184
77618
96147
70912
114117
86109
63917
27261
100292
62417
2508
75044
7701
4390
365
16762
83351
33783
81526
48930
7949
114504
48495
117610
76641
61050
69401
89410
114839
101911
23277
77765
56968
89351
3918
22756
95390
74347
114977
100203
117246
46305
64957
112196
20365
54684
25238
44818
66644
55035
85023
16974
78380
52318
9559
39312
2662
116083
22100
5452
78124
17284
89802
77919
16438
96197
25488
24426
111553
67527
30531
66533
86617
26444
85888
106984
112738
52941
65097
60284
88819
108641
89077
68307
18585
75496
41122
102461
26303
47240
6906
13623
114160
97153
71966
30710
26020
50369
2078
35913
18563
101439
15305
113488
47332
88778
15281
39756
46489
118109
45473
39772
12644
103305
62702
18256
85353
98207
17287
67393
54782
71952
116683
40936
102575
11882
70340
9164
3115
69424
48440
73792
77670
13874
8096
80625
49045
38866
1044
19359
82125
101674
20112
35352
23159
35882
24997
47031
33375
11880
9943
81382
117394
38434
71379
72072
57897
65400
37450
3728
14842
39919
109660
109870
112166
29615
13833
71242
97337
33904
76496
775
56709
54410
90505
108303
8577
66937
97752
73017
104785
16711
3827
19382
50033
39634
75471
54645
25976
55090
28272
1227
95673
22134
84731
2902
90120
9519
50090
76816
10253
111320
72265
47737
108910
112472
107606
80335
31174
17925
48735
14769
73428
48017
32166
53649
86555
409
41391
102207
22539
49612
26305
64366
13862
111197
77629
67062
91650
19813
119605
7852
25390
115989
67132
74330
83712
5097
37078
75209
118217
63138
72872
28363
23859
30631
98239
110266
118628
37470
43353
32018
94876
106749
95725
94286
673
15838
52591
39744
18333
