28253
106145
116864
94501
90859
37908
117304
76255
49153
84920
44846
87579
54291
38632
105541
26541
42387
68894
16832
26009
65143
96484
35811
63684
115292
20869
14338
25752
9120
72037
106307
16044
66001
78119
71836
78614
47836
35521
72891
65223
96368
27089
82832
74478
114496
62969
35847
2530
48598
80971
105517
53061
20905
79771
37859
67655
57771
45142
109532
53533
50518
106691
104605
74769
15844
115023
13864
12376
48240
93436
103664
109388
2531
59372
7506
108624
68273
56292
40918
57927
89652
17323
91362
87148
115049
108464
97495
71218
63114
24412
25753
81435
42363
60334
11241
64
33133
102189
41788
2331
23563
88298
103489
21530
48433
37964
110647
40145
117554
80985
115946
117469
59507
26769
67649
119519
82780
110516
117378
12449
13820
54586
76939
15673
99214
110430
26105
104292
82957
71135
31650
85299
45951
37590
96103
107798
65871
118852
119063
91329
8000
52820
79562
101925
59605
116252
55809
104420
21626
100666
76712
14088
16311
30327
84346
85310
57012
67325
63000
72968
96902
62340
76349
51339
23955
16155
52976
91998
94056
19150
97509
89756
96550
34361
105736
99293
30867
119763
103916
53175
102870
76477
70906
14043
46621
64526
69975
19691
67004
79419
92662
114978
105980
24044
115108
112627
12186
31892
82034
60514
24736
64448
108307
37645
26163
27422
75808
39546
93845
117472
66945
107776
64787
107646
119280
71711
17728
52294
11565
104336
31995
78557
78291
80690
85347
99437
38119
1726
57325
111942
59993
76127
73452
12852
87104
34602
6243
624
69514
105274
108610
109769
69882
62757
113919
42880
82376
50211
99646
65114
52564
113255
110751
41756
67
25375
84670
32964
21364
41118
108538
67895
54338
101347
69212
108039
39191
89435
13529
111461
51118
113874
90875
22710
22757
25157
20750
41805
78093
33119
48084
61921
85011
100322
96037
117668
56041
7249
81740
19114
90771
66311
88373
77134
21535
16601
44836
106101
65737
15863
73754
89899
95172
52034
4380
109427
36903
70916
9793
54620
12634
7440
13861
49160
30628
34480
55194
112904
86243
80209
115306
60113
99443
41941
111955
38330
11084
38890
57235
30057
54950
75499
60961
63155
72091
27008
5404
102021
43190
57925
64206
13337
89635
34475
108668
92349
77246
27167
92079
7630
42226
7321
37632
106455
66834
93084
108501
117080
93918
100083
93616
51999
26347
35286
119537
40898
37937
103868
103945
119229
53927
81795
6558
98374
32144
96184
40118
15473
111070
48384
108142
52165
90801
53913
19851
31786
99044
114491
71459
68954
70832
6407
25727
117141
57492
114197
70615
85424
28352
65825
78391
34675
117198
44832
41123
111507
40006
105192
95058
76111
77814
60816
45001
59580
109801
26804
36084
73571
119447
37794
119086
111775
47091
93585
7715
69292
58191
74265
87943
76180
11866
12214
69257
68612
49985
97955
107108
101610
105780
53524
75511
2604
67909
77694
86413
13608
54188
106524
50929
116191
110830
22523
74248
106089
41654
119956
83963
53415
96038
62433
104320
50427
27400
113054
112694
116719
59433
67669
38479
53492
10825
6110
47483
35132
51953
117727
89797
94658
37134
18124
113889
2834
86958
49648
74145
23128
62508
111903
56457
72653
78969
113279
57605
119511
116386
39472
80069
19177
28743
96210
80275
105978
47623
14432
5685
75067
30146
42290
71053
31264
65020
84611
19163
44051
42594
66835
62837
122
97537
86676
57464
72735
114692
27673
58680
200
119777
85764
55519
14658
90390
1168
80787
21636
118730
31492
70353
41563
49901
5359
114069
18976
15826
76427
83039
3356
5499
94051
57220
66213
111580
108786
81417
72298
89961
103813
25917
58211
81020
69038
83189
67505
87055
5466
93462
59044
25720
33465
43503
6719
69991
65656
63594
78058
19129
72356
2676
17775
53457
92169
45397
78972
22153
71167
83390
38401
4543
57538
100382
105083
66954
55889
110631
75879
64046
100823
24958
74203
47141
30324
39940
87156
25566
105265
72387
110081
23192
98176
57900
3555
53619
103194
61060
107165
65079
4131
115878
105462
43694
64249
33860
48855
93633
111310
38229
103987
38464
3905
105414
33614
33868
44279
101119
34190
16113
82835
80259
76757
94019
47683
64640
21622
16941
102630
54574
43522
102447
1795
40022
3772
71018
118485
44162
24138
30859
10785
31386
97232
1439
64020
1172
86504
53554
12088
69133
29793
10443
118609
68735
2314
67703
89599
50734
84341
81838
22211
60373
40764
95983
60550
95762
4832
44087
104462
29310
117464
103562
110311
14479
65337
93005
60093
63828
14040
118042
40807
111302
37943
5900
78923
106059
62145
1042
77883
46790
86979
11675
3109
4636
2358
80761
88602
105863
48044
7028
47443
77810
88905
66116
8458
7763
48769
16892
78323
100120
15682
24925
11095
106456
72694
65230
88027
117315
40612
82325
55475
96870
23078
79250
59419
72008
51522
96341
49747
4792
91688
40712
12680
8002
73404
102518
80591
76275
59583
55381
67553
114681
38102
97454
82647
5342
16151
83800
66368
71108
11534
58796
8556
78150
105806
53558
65960
5125
98503
85434
90435
33699
92825
112900
61954
19040
63265
77212
85672
21400
93809
27747
7125
10133
82323
81785
29817
87221
61295
41442
116857
52133
43701
49543
14374
114536
93178
44413
28263
103408
47194
7756
42764
87154
42408
26014
106254
104678
45880
78060
88184
4740
28566
57212
33304
79338
48583
55650
75733
107979
91651
74641
39466
96949
34575
89933
106209
50302
104392
52383
42835
110881
50682
28138
118818
16641
14925
25264
25255
92281
3178
90957
20222
75812
27189
113157
92780
118355
64847
26884
32742
56183
89520
114037
109257
45784
15052
98376
106494
39835
32267
80832
64383
49780
70942
103296
117828
40665
91936
56411
34621
5309
2875
14764
55805
78785
88636
50055
103050
72108
18332
23285
10599
19137
33536
102589
113975
99890
26838
74074
71862
5273
41823
31897
82270
83651
65378
94861
82450
117477
50791
98556
17066
82408
53945
105419
20625
45046
13244
64757
56566
39748
25674
58462
31958
68304
77049
41402
102744
53075
42980
113192
111907
3988
21150
43575
86278
90487
114991
101648
50947
71633
110693
65787
103172
89020
71762
2688
106159
90017
82046
51054
39489
74500
23133
48992
92301
101862
43511
80148
70232
18446
80606
83469
194
13010
71007
1945
16062
58207
86184
30426
92194
35520
30712
48736
14984
53523
21532
95397
65592
3368
13710
18833
19478
5257
94824
23980
113066
23992
59201
40422
30287
2373
109297
44341
4381
105069
62320
8256
32395
101720
61607
50796
57478
27074
3247
32823
76545
94616
4640
76832
23863
34258
69078
14345
17842
58929
41322
12635
3089
10530
50500
78285
98368
102503
30648
58752
39456
92814
1689
79070
28587
73728
1346
65119
5876
6140
63701
99949
87230
79924
8471
108297
115740
91203
56368
115503
104085
33631
64487
74103
27429
47220
100284
21858
56025
107340
94066
70372
110633
107525
80008
54602
101864
99601
107539
21048
42058
109966
14238
105432
57689
109541
49128
697
45819
60555
113715
44646
69301
56373
44929
28057
3126
1032
100252
69844
49359
6190
2207
54212
33131
41202
83513
6706
57759
119935
55421
11028
112597
98857
118018
32321
118344
111353
93870
15376
24912
15922
114316
89161
31868
15635
60089
14225
95922
36857
89202
30738
84951
103751
38617
11510
103392
66402
3181
68377
62983
69673
98238
30492
48653
105511
83378
109411
49247
712
53671
82967
37189
36674
56343
49129
110875
75345
50297
43921
86557
62321
62032
51510
44210
113086
33404
67877
102191
47299
80012
11030
61035
52982
35441
38923
31086
21310
103162
35306
37469
54896
60589
51068
20136
109364
40927
17680
51508
56409
19795
26386
83802
26267
87594
90244
119364
69566
43528
91830
66065
82248
61339
77010
15847
114012
49418
59516
101053
2329
43163
50298
88985
108345
57405
65644
47828
54140
50683
90776
20823
21933
114849
3506
50990
54824
83410
54877
113994
27706
85484
26317
40298
11058
114427
33002
35291
58331
109521
30895
16231
46916
73149
6917
114277
109856
61182
22172
68930
64194
17703
66787
96262
83984
93050
31111
42636
65999
42044
9181
94289
40564
97334
86860
16611
45685
7224
80503
100583
115706
58989
111959
57786
88248
3591
6941
59191
108477
75949
119220
79993
77989
2397
88001
15882
84787
101990
46557
92033
25018
88161
25445
88915
50992
95421
69346
32128
109585
114239
44534
25959
31372
12089
79999
65286
29513
95199
30511
84523
99919
60445
55432
118711
99778
61952
53510
29699
91795
60843
85834
99784
53279
50201
64084
76603
