76090
114143
110526
17566
2914
93066
30990
53262
13061
97111
44873
111308
65753
104281
77608
53644
97193
79106
85308
10480
80521
107615
110012
76381
87988
36822
29881
2418
97378
1788
24673
69522
74905
3019
47293
64270
9779
112995
74469
67311
3929
84392
96774
52790
65209
49221
48797
30776
98954
68984
7363
44038
114942
27885
77085
23524
16345
77676
35292
30749
1469
40183
15914
64859
28633
50543
69036
4146
100289
30063
24903
46773
54377
28004
56537
8546
8702
13750
61726
61745
78701
86691
27909
41568
10656
104422
7410
20176
97942
18337
96778
72518
96611
85090
17002
26321
31038
5504
70152
117788
101145
26029
48274
7454
17139
38199
84072
37631
117481
94488
117402
25892
71334
79357
49438
21468
22482
28942
15141
62310
102005
55758
77330
82192
56330
118795
17279
19656
97472
58443
59547
11374
84155
1888
116171
111102
92605
36317
19590
16923
59938
30334
53148
103771
32983
70801
61662
8720
86133
88791
76840
28828
11253
118824
117446
34023
54673
52743
9611
31098
52469
113073
39713
77039
20724
80439
100691
68403
22485
96588
94734
93236
108373
9680
92698
2864
81242
61083
90211
71957
37604
37363
48172
109321
25326
30141
119506
18435
93520
42335
3010
28449
64016
107268
5866
54300
19776
71956
62646
115159
71976
72262
15595
114398
93289
64182
115748
82533
42091
52156
95767
22596
42722
53896
43886
96979
71853
12126
24973
70357
68029
41520
88009
75043
66275
102997
66651
115287
12753
49955
31913
53718
101766
89714
3701
72142
101475
114856
99396
6011
11042
47417
102613
21361
92646
14064
27275
68882
51703
46
63938
44748
72075
79196
97856
112749
107559
60604
73640
50881
106401
75712
20484
18008
6494
67490
92469
49097
57950
91572
88322
31618
115157
105931
10289
95129
10958
29586
25303
90149
37254
23875
21966
7983
1562
12361
56539
28377
96595
112944
10679
117134
7825
62727
100975
33727
2030
17400
91518
98420
55307
23489
62444
2160
12273
87589
2284
58736
109663
94626
105829
112031
16740
15644
95814
46942
15528
51525
78160
76250
48283
96233
1953
54617
23184
76205
67026
11466
40357
52902
59293
19289
82015
29381
37741
7055
66249
67622
58694
63220
101153
90201
80551
21943
113798
88598
3618
2516
101236
43211
117197
50885
4934
47612
617
96178
88809
56395
83125
64378
115701
41949
54361
97162
57595
44541
70929
85129
