37054
16272
89080
49981
80912
40536
7116
55056
107344
7772
96295
68970
69546
98024
47442
5891
106486
109473
84498
104118
78052
115042
119399
31589
66497
118706
40673
101182
115717
63727
98302
115720
68805
29794
37844
104896
15433
82644
117730
72564
1340
100007
98656
118615
42186
60677
32261
38597
19144
91417
85564
55356
47525
93117
22138
88434
21175
67257
12660
54108
14006
82816
78826
63222
72000
84828
5977
39259
24393
86692
109678
2904
17761
13641
88366
119972
88413
13525
96398
7569
37747
88239
23760
53480
84714
59048
28341
30938
50277
100038
118309
45381
19591
99802
114105
93857
79818
5823
81328
86464
119008
112756
7157
32241
85119
61462
81195
95327
111875
83138
61262
106006
18936
32112
30377
111065
38360
114264
82426
38919
72178
81519
49306
65066
72018
15854
28667
27099
46742
114516
64659
71545
102747
44463
28845
83345
28421
2104
41705
116203
25239
100876
72070
44582
50041
54803
1470
97292
17770
87892
74112
82320
22349
21198
35430
55169
111267
111812
19781
93737
103511
113482
16203
14160
47198
97427
104460
563
91986
77699
90986
112326
38502
54557
73512
111936
114428
17345
49760
55639
23565
84368
89977
63967
22479
47279
2796
112052
92391
11771
43114
90133
54611
45030
36432
3788
79914
91863
20704
7408
43557
1553
59364
4983
5258
54480
91470
20632
63325
53819
69680
72388
63745
98640
65941
53155
107085
8023
61516
79840
28268
73964
114151
34454
48783
111532
73385
17671
101937
118867
91351
28920
97751
108832
17909
46225
51554
118768
30048
77347
96076
63116
76800
89823
25395
78751
113796
18398
46481
25613
48265
36105
90554
104373
35671
43448
58301
65551
12865
65571
48229
30574
67275
7658
3264
66844
78808
19522
57316
114301
80964
36249
63230
46449
25495
61393
111526
104705
106081
111482
58090
9005
116468
15441
100642
10899
87593
43509
87548
35888
101746
643
62644
97684
76062
76467
73583
65798
4632
72016
35616
76721
17403
44470
16584
12440
32493
10897
66190
32688
95383
53940
41582
54823
37816
9339
98253
116316
70371
14993
118757
17941
93558
36239
26357
113037
1794
56032
112741
45508
85857
59409
75653
43771
108370
71339
88383
68321
41105
38920
59105
76483
34241
70590
81688
75356
112776
14946
48622
40985
65019
49670
93927
96871
49952
100963
32902
101549
76420
37066
82818
60595
119329
70688
33018
12957
29029
53005
49387
67453
111871
4929
87703
89760
87022
39963
4038
28103
49412
88672
3370
118982
6783
75760
107477
106676
70903
53359
26486
3037
46031
26912
56075
27142
36836
91065
74702
111563
59857
46589
22435
106508
116064
56370
65291
97843
90413
69220
81022
46843
37820
86905
12747
93557
102790
12858
5690
117443
18463
47611
86157
4637
18197
61883
33765
28445
24165
82694
46889
94213
37659
101237
66891
108452
24590
66135
2802
83636
85596
61637
69431
59626
56085
28684
9200
107716
50269
25071
33805
67121
62122
92350
1236
21893
1819
105785
67223
95024
43328
76266
15194
103325
61215
82057
33744
33259
26677
98550
42098
22947
86300
58131
5231
23321
64059
84437
3081
22121
18769
21016
2406
10398
61379
42855
80470
55219
62815
15162
91758
57748
7016
66431
36189
54989
56374
102120
92495
75501
108671
74824
95290
99283
9464
113275
1688
9883
37797
119717
50687
24264
93530
111622
62020
80317
32694
93493
37888
81319
26203
51514
76893
40591
116034
105113
102695
28882
44650
108608
86803
28326
41461
9447
29744
100318
111083
80641
109361
88064
89672
28970
114119
7641
109287
1718
21637
46746
89916
2171
41285
49636
47452
9480
92458
98038
21064
32931
15153
117261
76870
13441
6735
8874
41064
50279
9773
112247
101997
69661
29002
44096
76259
108680
72280
54473
54266
20767
88604
81747
83395
23795
49112
30485
58606
117035
74798
32230
113044
23440
19008
108339
77633
19686
12536
60805
101991
69137
9540
80478
21186
28767
22972
63582
74120
42388
56880
6457
115666
98566
103215
15830
929
4117
90013
11702
81430
95682
111575
80064
72838
93675
23363
101619
49299
110926
83782
10165
101026
111882
40906
20373
72334
92364
115171
30563
58779
78326
108858
62520
3940
115917
105081
12542
19020
65894
114196
30133
102004
37127
5426
117857
119849
91808
62026
88919
103473
115266
93292
109012
58119
42948
78845
86893
105791
66808
101398
74167
3208
35980
89764
82703
18624
32473
74031
46852
44043
55516
35158
27224
84232
53629
115940
86232
100672
58732
98234
103267
39611
112688
92877
23893
890
91091
51916
28884
112468
28787
13486
55391
93192
73080
48646
9082
110813
53505
70348
102865
11184
55829
98751
90108
85605
108876
16751
20029
16135
66806
58813
12689
50393
42049
83290
79265
66610
58069
96335
26109
56702
32019
68831
70616
73317
91628
10406
73761
9870
108403
67902
13792
37397
102769
13108
106412
11507
112633
94414
15643
28849
81229
105384
99254
71841
33995
16714
49271
10316
27003
83281
19011
74495
18672
103644
64114
63226
37290
23423
82654
47546
22834
71012
35552
13141
87928
60497
5714
17399
21084
109003
79303
97390
94385
34876
104558
115915
117020
24949
30832
104532
73183
86351
108595
58619
86755
65389
26588
37335
5318
35254
49817
56933
45771
66774
42175
69927
40490
86827
22906
86650
11398
68807
24325
119366
9555
89695
29655
110104
72219
117526
104826
64579
109106
69457
82429
60594
4297
39883
19812
57549
83222
58602
76869
37582
106581
56708
65438
14790
16104
55734
114697
104283
62295
81017
92720
114854
23680
98742
97083
58758
25476
26139
68789
65885
109203
110212
62387
116251
104764
19354
42024
114206
43749
67977
18524
2503
84167
57704
81181
70089
46592
81969
30002
72560
11781
49026
76354
89558
82434
12947
45947
64848
70994
40543
76936
43005
12812
92902
115259
57679
106076
17567
113717
94009
32895
66090
98030
49000
39223
63616
82975
51492
117615
34254
1249
2235
71650
32556
102231
20600
88650
65091
54215
44454
117083
119669
70271
85322
108930
78059
38700
64755
111134
77611
74073
55916
115341
111455
95815
81152
45946
20438
77977
17601
4346
99418
115027
75245
28907
83468
3451
61715
103429
111727
90918
40089
6323
93421
2765
43662
62538
42994
22676
94400
48042
91118
92094
114104
99059
72470
58074
108155
11508
98835
99644
65127
109921
82090
37020
86298
112083
80665
49622
88930
4225
19065
50531
116124
110641
52146
16157
77319
54226
54134
87699
45711
54509
4763
116843
5357
84766
63339
13470
70511
7447
80746
62107
36905
55785
23314
88491
109707
83400
98998
25822
119138
119532
58658
57533
67125
106562
51388
10806
102495
25834
51626
8303
119438
87782
25416
2131
3873
66147
41254
58475
7329
83335
33810
53067
110059
102116
50911
106180
62337
39782
76298
71802
77617
10276
69719
78643
22922
119704
25086
11569
68755
75751
99413
46669
64219
23190
24112
15204
68370
113490
42355
72327
32735
94998
71042
65662
71712
6493
85203
27691
108752
113340
14224
320
109355
109232
64632
64476
108990
111121
53962
102225
19877
107857
94771
51152
101688
6534
21363
9568
23983
115913
112863
78733
52446
38212
95511
113811
83536
75081
23477
70228
42845
106331
38290
3789
90943
95702
74165
89236
93434
50013
75157
66765
63384
27098
12103
116841
113669
5663
97907
6958
11686
106816
105853
72827
37035
72544
52231
25583
11803
25316
15288
80871
107431
40364
54635
92850
115849
101364
111265
35956
106087
7655
47465
108016
33840
51157
42361
11434
68917
38924
56122
28558
11031
3493
84616
14887
71118
52709
41457
100298
78043
80032
112653
53406
82476
44240
39547
7402
91337
31254
110182
68236
108371
75128
82161
82559
55795
118037
25968
97683
81694
21168
31817
62285
7663
71602
99932
40396
22336
72504
113635
7450
94200
113929
28451
10977
37578
62489
68613
115058
89904
19012
45084
36759
1018
27752
6184
84786
63032
93803
108512
83696
50623
112505
78292
119967
51707
58180
34754
38426
34090
28890
35074
112574
87728
35868
54461
85204
81916
89145
51459
75333
111730
22602
23865
35546
96745
84841
53388
40804
73102
57996
8754
27875
40348
99801
116127
76071
90864
94238
66267
58478
91635
5489
58437
36378
61643
105002
98657
66355
23024
72158
79071
24348
65072
7183
24290
39197
41890
12653
66008
51684
12442
27494
70845
23195
35810
9816
28301
85655
25763
60690
117613
96282
92499
23607
41794
81370
10542
117081
111783
48382
96100
54484
44580
114019
64591
1699
22900
62992
16795
13759
77821
36578
29849
34405
34478
119261
75287
3137
93618
80544
49315
63068
30050
55360
52850
105498
8513
111331
10651
14241
107930
91178
96280
54032
26037
107827
113170
73547
118659
77597
19710
613
81801
22770
100447
94890
65116
4756
33611
37636
48569
38216
96548
12623
25519
43994
51668
18688
92864
81160
36166
111257
80083
43453
87812
65414
6938
3223
34098
99939
597
71682
32550
18157
88976
40785
65671
108188
78510
35721
88069
17324
100650
100200
26218
63153
92943
55862
20518
101071
115435
108890
97909
8498
24783
97943
26858
86053
105295
111803
111571
6660
110627
33269
10747
119201
10218
33632
79821
42360
35852
25554
98439
56876
76105
29957
60479
90467
46330
106697
105927
68353
108959
68003
21187
45514
76738
115273
112351
43626
5577
74432
20289
33655
7427
64935
78503
82232
108695
38281
106175
64158
60951
66792
8942
95099
10051
62464
88079
60928
58940
98353
91370
6707
4917
51340
37841
51415
76196
103165
49625
10957
58787
41629
67289
5681
23913
42584
43698
44474
101584
103850
116838
3837
27907
34858
27080
104708
39614
56991
9112
4864
94307
55659
14197
21385
106865
13663
12040
93009
6241
15689
5844
73867
10236
26711
111496
79625
108952
74427
85755
12594
64106
54152
66827
82702
97101
29467
87592
20659
65175
19155
13238
28710
55747
22860
110929
23586
98946
21398
20425
69931
80681
18901
91781
16720
43823
4927
75519
44893
60440
84161
105639
92547
54551
38668
52215
92333
89989
24195
40844
35387
79735
19981
56171
37430
68617
53025
45581
107800
46139
80989
41364
74662
109668
70403
114905
32311
15150
73546
67439
33487
53875
1199
36890
11830
76592
19897
117942
114786
47484
62138
27205
102400
20941
1838
116311
74138
93951
6234
42099
38946
15063
4290
36514
65889
53880
43627
22536
55864
25512
18685
102037
102248
15319
97356
93509
88609
104645
75638
81727
25696
68944
51801
33406
1149
54845
91492
57886
72975
27264
97692
100818
15171
12280
104367
111700
65833
62150
70397
82187
36283
80354
28488
15430
5600
60888
46238
45431
39245
12483
109860
76238
68527
37202
92247
49745
101896
29454
34359
96926
1254
81290
79057
80623
99977
106233
107842
37352
56000
1263
8583
6041
60160
17049
65520
28668
83480
78774
48436
44578
58225
53469
104194
84410
65466
41289
115578
66633
108147
100965
87500
93513
29267
76609
3770
117357
52305
17982
107164
10546
19146
85055
42563
