76668
86981
115870
22825
5040
106757
64645
92016
12439
85550
30892
6681
93612
48054
30451
22080
81206
119122
93937
52540
30313
109641
13961
12714
22161
59843
41671
108789
83460
65869
83855
49079
31783
75577
15375
31668
108400
108034
7228
63833
74462
71667
23226
14378
94049
49146
4479
66427
14079
46076
31445
53740
61624
35108
102163
116117
4982
61932
37049
10862
51557
77154
26552
95718
41641
84940
55288
87772
22039
67872
67418
18766
87945
55739
38653
62647
110756
116784
91589
114881
27764
24887
65272
86453
39732
9913
79366
110843
87379
15503
77580
27178
76805
45958
85629
67710
27210
38313
36813
80015
80194
22354
56427
25332
85833
76124
80330
1892
64889
109219
104052
42316
9730
59140
105281
68821
67438
7921
119359
94274
97452
71692
25212
83774
73567
119153
119759
79226
116673
40920
57069
17524
61033
59269
16942
71538
89004
3092
39854
82481
49963
47306
118985
105621
91551
42018
106315
115897
9811
58881
97043
63128
90268
23835
62889
78539
77885
53981
40857
28300
55683
107556
36142
79011
38501
96176
7573
89968
30891
30879
62781
16077
64650
80456
80390
26
22629
11164
30507
18064
105399
21758
92898
33755
101172
79923
10147
63504
12082
12943
37938
26410
21237
62135
100864
80118
117176
69990
5052
92785
18873
75052
28186
4164
2686
28611
100295
39364
29979
62855
66680
1052
5808
29966
49460
2384
41318
99431
9150
46068
30885
1583
102341
32506
14522
43552
50281
98735
7260
85924
30472
9971
70606
116657
63205
106559
8824
71071
52257
59975
22212
19467
21860
38028
15791
16743
85439
110209
78511
11459
29623
114565
107515
90537
107301
7774
42633
118972
40385
16865
43951
69485
34162
43099
53990
80212
67463
36424
56022
107710
75796
14560
103913
105816
18319
5733
5892
2773
8147
54658
57289
46581
119854
114595
96303
20935
12912
118097
26409
30497
115228
75462
87113
48298
76875
6870
75106
19907
63472
37495
12182
56228
89273
67631
63162
23687
52110
95807
106055
111376
119829
16146
68097
67170
112958
114392
35045
118168
68625
101326
76223
32186
82727
71237
88989
79111
60067
38225
98085
32874
106766
79174
116493
69400
525
58061
97251
57594
12832
76945
35181
71388
28906
36683
90914
12052
45231
45759
18732
13538
119208
15224
69047
119288
95621
33106
17765
68475
11509
71055
18521
93281
244
59745
12913
91939
73325
91791
2324
32422
109249
15915
51327
34568
104328
12820
94811
87123
26141
42241
38418
74371
69449
84602
55091
86977
59992
94255
73714
24977
104272
50938
74398
15310
85997
54951
111186
62403
7489
62087
76637
101414
76428
22902
78302
39063
39091
43679
1589
84830
103438
34446
96570
80634
96596
21585
60613
87911
43234
56869
57326
7659
47588
14423
79780
29189
101103
8041
1743
96734
37660
105584
75221
54326
117561
58846
8695
1222
43630
61455
13443
56026
97020
117641
48024
47282
24093
44521
3648
14508
79482
102363
110699
20362
49997
92071
82199
86890
96266
90932
110531
103291
84448
2343
28491
23462
8211
30610
100389
106721
107394
40658
116392
33203
28573
107712
75250
55123
50191
83431
34205
71628
45158
39380
10654
12783
114475
18831
94899
63870
45843
500
66833
71485
93562
75759
81612
31071
85715
117340
29244
59853
18730
13728
83627
12059
26061
3605
32425
44980
84065
16107
4167
94821
90991
25206
70335
108661
86409
48105
37780
9562
37894
101802
117089
92522
7372
20254
76314
52191
33807
54683
2651
86067
54997
119216
54247
32302
3733
82602
74212
35219
50485
100405
39816
47509
53221
105983
95214
104566
29117
26202
31632
30713
35151
23979
29565
1772
78386
66724
6582
62407
25794
100718
113615
81799
60786
114955
41917
7459
99433
86083
8461
113984
23313
29393
115255
114696
41549
30742
67720
53724
106129
36684
18760
99092
58202
59831
4423
96012
69241
91501
24392
72769
39567
119953
98021
11638
78426
69779
24609
107226
88088
74588
118409
49488
113585
43699
7945
40342
71547
115086
15720
7695
93099
30544
108874
80658
51755
47750
57311
51397
12973
4801
52513
26621
22614
26493
60880
84924
116420
108670
28236
79135
47469
17907
59704
25677
50827
65883
23383
2767
94389
73565
59785
117398
30467
75739
37257
48796
18382
86612
13004
40832
22434
61314
43720
27152
104058
94218
92067
52948
73522
7274
110476
59768
24248
104239
27847
4243
86347
64653
112955
46230
87374
41685
38616
6202
48642
100340
45152
24130
86531
98440
108475
80656
23299
29878
1758
89388
117505
34386
88456
102944
46977
6925
3908
7367
17170
22505
85120
2466
11517
43275
104449
77528
21873
63913
75742
102841
85373
49842
59358
50670
11478
11808
16274
68842
13054
27359
77451
94177
102890
102885
62956
5930
7029
8986
68837
57877
77917
119713
97372
69758
93452
119308
95272
19112
87210
106893
59329
20626
3534
55049
46652
114550
72722
60625
37878
90005
103183
47273
45806
54293
51894
72713
109897
57796
99528
28551
36408
13024
21677
35736
1620
87643
13841
32110
40833
94553
27581
91137
87885
77680
23501
94819
116527
21413
93242
42239
16163
24088
105650
61178
370
119662
7636
44772
109408
88836
44203
80217
3245
16243
112048
115010
50628
86998
102512
27041
109261
105177
2868
85367
94677
49114
95094
76479
49272
15633
5884
84944
107365
75082
107244
5394
13287
98565
111106
65516
65618
46514
115685
27720
29497
87397
52130
94304
71852
23318
49708
60839
66211
97374
85355
59585
61660
96616
85188
65211
24514
63335
115248
64163
64067
73943
1534
111000
79185
24409
49232
60196
7275
13826
97326
20040
48238
16391
11113
31559
67409
18692
6036
106736
13662
38155
77542
94472
88727
9655
26284
118274
5361
100111
31139
46628
97606
109150
116894
18445
53435
94775
63019
38513
30822
16972
112123
49063
17472
31685
92899
80222
98384
42185
60875
59404
92018
24819
15177
115653
16796
114319
87997
54541
78648
91844
25289
104161
47275
5738
117885
43158
70860
2296
113625
114472
111510
2017
23882
85170
8908
88420
24385
60856
44649
29540
106389
30157
60598
33336
3146
88527
41208
96141
15035
2966
92145
67464
23473
102453
41960
54763
26849
114701
18280
99559
105565
64451
44297
4064
31689
20366
77441
40834
71243
118849
37183
70739
12357
13758
84732
42658
94352
92811
32766
32029
54556
63757
36532
106621
94223
82530
68888
55606
11314
43874
12274
20516
74393
56692
107314
72720
78928
116280
64041
66385
98464
55148
19025
74180
55233
50867
39692
16315
88692
42727
7463
66296
76091
2648
75544
82943
106915
61645
39776
70054
62938
10751
60539
71807
101728
47467
37791
66981
41595
21224
95325
71486
93164
107792
65069
40382
32647
99503
57830
74182
82973
32923
67795
77514
16512
76689
25766
55185
100275
105784
6450
81251
103762
59435
7319
3790
87532
98199
7536
82460
105487
108860
80595
74326
98877
22888
58794
82656
119592
24951
62543
13235
49796
83061
45067
46550
14453
58432
105463
118420
23274
107774
88925
74549
98555
46027
98023
84297
65565
104391
3295
68004
70814
76304
36474
73058
64226
28711
34057
32217
53624
114989
119603
49328
100221
98270
50391
430
112726
14668
23660
69512
31708
12555
25728
18844
99583
15582
43187
74973
99371
24759
101121
78702
20538
5345
75255
109525
119753
11250
44084
83181
25286
38683
115300
5020
79670
28342
11767
22795
26185
104857
111690
35099
40559
47077
12070
50813
13370
117758
70028
91244
76226
29130
81545
1637
73897
38861
76285
1709
115655
118234
57685
28928
107933
48450
68287
73698
30858
102579
69306
89908
3602
39036
84282
65279
14249
97507
93549
34850
78375
118302
58832
96641
98280
73942
102432
106686
35903
39244
86928
25619
94634
119589
4442
45798
40557
94552
100884
29124
17276
101185
2341
83561
26320
40054
117138
55593
44666
18786
85477
84891
75304
47159
13390
53577
75347
16214
105657
62090
68946
67619
65046
112755
115439
103817
60916
55982
10028
11382
10014
24092
101457
117442
22701
92162
3952
45391
47010
50359
26161
18484
39479
102833
116114
107076
93662
79697
29290
10545
14330
116641
44246
73153
55070
18447
100798
117810
88242
57708
15008
87427
10237
61170
7313
99177
85758
72517
60939
91087
108714
580
4584
40592
68414
78700
117590
86793
38052
88901
19151
72679
39848
14838
77016
110224
2899
52219
25821
85145
55536
88477
29554
20776
87311
41306
110489
27856
38954
19649
70236
62063
13886
28780
108226
62462
77702
15875
47263
50771
32469
57730
61228
65566
69598
3462
21290
115815
113042
66119
18751
109404
31729
12814
11461
85601
62034
60778
63637
39786
10154
78877
68879
36692
64500
109082
4191
34558
25521
51249
11922
4004
1198
117773
117580
2741
104360
100821
88165
86129
20812
37413
75669
99690
9145
76418
28790
67914
111458
63139
63013
111755
117392
6793
15553
28500
16657
52559
31919
11145
14032
49014
20841
104067
69109
12763
14331
2399
51375
56899
106338
918
55582
114071
42070
60039
116334
46045
48948
41839
5858
117680
35647
67937
119831
71265
17896
117558
98336
38726
2214
32554
85651
11387
52891
73291
21501
59288
118604
78677
79805
113710
11072
3935
105495
56611
42321
13265
85878
18514
70075
95257
106386
83868
85745
34390
106452
7578
45018
77711
55353
4965
53242
46633
17285
116695
61507
458
2747
63301
37285
21252
57782
24612
50601
47405
87320
17520
36954
54699
5758
11116
5494
89172
78636
52864
103239
116638
52552
77151
66208
75561
117001
66746
91212
7925
12094
81970
40992
26260
105907
114298
35469
106471
95391
10244
36541
79499
40339
5954
112668
14057
95428
92891
69828
86622
109116
19541
42725
42137
3652
1494
43752
18307
75271
63950
118912
69389
60898
90295
86552
97060
119894
92282
8666
103369
80385
115704
92937
98832
39730
103624
87673
110450
84090
33909
106239
94083
47854
20422
82008
28936
89213
26698
7383
117905
77579
90785
114721
72980
8036
23168
96121
54287
20495
93681
119625
98117
84967
78995
199
83020
65694
65374
61793
101202
48082
23690
23271
81040
107819
51836
26854
88272
36481
4684
90641
81715
36748
11327
118585
40476
53272
33500
39821
19327
70831
53358
22786
64592
85928
8315
113448
1235
28256
10731
96976
83756
31313
75956
86236
89272
94687
19252
116302
72132
102074
91026
76132
108402
87321
18783
94421
29009
61753
48824
29015
91241
60076
20204
105638
117104
85236
4723
38623
6722
5408
17555
47126
94601
112355
110282
16112
24216
73060
62209
7669
14529
17821
730
111430
22638
88951
84821
14382
2170
14348
113233
56778
48221
47715
85351
116978
57108
16432
32271
115431
67179
111049
26881
55617
21487
104660
39108
51648
11929
39913
14971
28295
67863
52273
108158
9399
13950
71831
35209
103234
118695
111985
109606
12451
59621
5672
24584
67975
103075
34577
69363
99733
29983
110534
44819
37475
61936
59838
47987
110969
71369
4445
27991
51362
38762
52132
84986
63690
102094
93556
12964
36360
89462
89523
11806
65622
61615
46103
24978
21931
13452
38366
43842
71816
68079
81726
43637
38619
74351
21034
16736
45416
42176
79015
16184
36501
3069
84509
10820
89459
69735
40067
93672
77106
92962
57482
73506
84915
105950
82366
80210
20932
109925
100962
76993
20321
55894
59999
48527
5642
110767
73939
84836
4270
59939
87252
65687
76261
41852
27154
90536
94353
31615
13694
33233
79987
14393
103104
32035
15197
56811
119540
60202
108933
83436
65676
108756
109805
67363
68916
30992
96460
61466
104071
16224
38658
78449
75039
99007
24096
33226
61460
84541
111145
84337
22162
85259
83583
103899
66312
105444
35523
92537
75534
1663
5233
65403
51922
65101
66790
5003
53951
49617
62470
2885
114666
30862
78941
103455
94386
81364
108932
42339
102086
46410
57378
86924
78984
14429
115247
106924
14597
111573
40711
97137
40820
15217
101705
6819
661
14598
84357
86372
40270
103699
62967
90965
80600
36542
116499
29578
89777
1837
72657
114297
108152
95870
54517
70344
72781
72246
44925
812
94513
64297
18329
4126
34509
80934
96047
88978
105696
72985
68049
86470
5570
49337
97914
37022
39343
90532
19062
115532
37560
94369
7162
24346
50643
76828
63772
103828
87685
64181
106850
109213
25544
115678
111478
13973
90683
26758
29395
98816
62636
116287
95364
13478
114267
112395
77122
17861
107141
76019
36420
43901
21659
102838
108399
58503
8604
44129
50367
105612
114916
92404
55068
84540
20015
70086
58438
53027
26734
117320
17071
116078
56856
107612
101368
108089
66944
335
64689
50334
61403
98987
20508
15315
112170
43356
6325
33453
15337
10255
10938
47025
17033
81174
69761
72917
98636
60018
56146
94250
14130
118600
26382
18000
106847
118704
73525
34142
98292
89837
61415
94610
95768
43279
29779
30436
94595
33409
64508
31077
83528
47635
30215
65669
110778
30019
116211
109092
24892
75021
68050
89149
4743
116426
49091
79995
23792
36488
83055
114631
63770
58603
40186
66256
15395
23452
8923
111241
291
55920
92745
36722
80322
29291
118418
112296
111848
45000
8157
97519
63358
35214
93459
108962
88757
78320
6475
12238
105218
103596
9774
114686
50006
92516
75437
82246
44053
81294
112194
18752
68623
64634
15721
48034
117764
89315
11051
34595
9336
3963
83595
108240
101093
32497
3457
53535
3832
100619
16327
61133
63827
66964
114436
49591
8967
10774
28623
21896
117862
52210
16076
37041
48407
69788
89540
13354
49466
98650
80493
46952
53832
112528
43996
10144
50214
13237
104240
