106418
18391
46132
119708
26046
33695
9605
82316
95250
103677
30450
22202
81689
90191
59944
11383
62872
118260
38532
51599
32610
23145
113651
79947
35519
52307
96966
108525
111494
5101
20953
31928
62999
48792
20253
79572
55265
20387
95429
70785
30615
35346
46911
6859
46334
107231
64557
93141
91597
60459
52715
20007
106898
70114
99999
31221
67212
70162
1921
15634
112777
56019
50342
73555
2988
12887
61953
43362
85783
70048
21923
24818
62871
59418
12225
19500
51320
39870
92488
97034
39068
77839
117869
72644
75546
114819
91994
35147
2983
95363
8727
35269
105397
36342
48392
107790
24371
109886
19614
17956
91619
101494
2175
64742
11914
13912
98873
9939
31712
115534
44037
118450
86017
72622
36879
110619
112256
62557
68536
63201
93674
66098
45448
11261
42884
30065
54875
56650
90501
103080
114601
72210
59239
52119
6764
58416
83285
70011
79273
57845
72187
58383
9368
35117
79935
119312
19959
83168
32251
108469
33844
46762
62353
33004
105668
5245
80673
57928
65281
113946
27497
54260
18246
97651
98229
12019
113331
46869
68385
73685
50036
106040
70635
36287
83219
48419
68528
11214
33933
2176
49851
31164
25537
36399
61923
21006
69925
60099
16264
112405
68019
18194
269
82380
75476
119604
79498
44528
57762
40652
92386
89988
997
72150
48897
66223
15329
91729
80124
75087
61825
62165
81720
15303
113559
83688
9646
54746
11912
72271
117484
39498
117344
116105
29166
42351
87664
118025
102814
14497
29690
41312
86529
48590
100618
79842
60168
16456
92805
35127
77417
18770
90782
103775
89718
2913
54525
115874
49180
50439
39641
471
19881
31283
71280
28740
99336
118675
40512
1645
110965
68859
100245
89689
7360
32300
42879
29653
101471
93910
41110
68561
99921
85100
50986
26074
106945
71867
26145
112101
53739
21040
6711
99960
61226
13465
82678
72066
20558
25510
18472
37099
68259
59713
47129
107707
15273
10184
73292
116370
15360
9083
35769
62779
40232
57770
78355
7208
87952
113586
87127
104509
99711
111586
11217
17300
97715
112518
73922
52959
29036
48759
113852
74251
54466
25461
105255
5355
51094
77901
106709
39866
27959
66555
55926
116713
1865
53707
7705
63933
73188
7753
84898
20378
35474
95165
81184
94507
53437
81092
60139
49048
20749
72768
44232
29572
119637
83511
30188
79680
38249
811
104423
53036
35883
12127
116037
24464
54423
68839
102664
89478
115972
10701
111454
68036
37887
43031
95542
101380
44703
28097
54978
107317
106642
20788
8895
11640
20970
96365
4829
76253
4486
70432
15585
34604
23735
90448
5983
70824
111765
31001
40777
32036
83343
73717
22425
71074
27819
104632
37998
87197
64209
86392
59612
112987
24194
8646
75024
45102
64948
97734
23975
105764
91771
6172
93975
9168
95759
9658
38568
96419
8358
56629
94085
26652
50219
32903
17517
90363
115133
8030
28497
67124
56973
4016
116336
109727
7413
82222
72830
103783
72603
93906
72282
58330
34600
39923
6025
16348
52398
43867
83359
58040
97785
40416
119422
55314
118597
111422
54454
29350
99934
29651
113602
4323
57922
82007
48309
76351
39892
117859
96359
67332
72950
88449
119001
91461
60708
66638
109207
97885
39774
13305
85756
1565
23068
98345
28354
14774
95879
92152
112816
62413
46910
41260
50479
81547
54835
68997
6740
71626
8934
96180
83997
2555
23385
44731
83502
35725
104495
67787
5666
29760
15653
102685
116353
89347
92963
16541
29061
5795
16844
4089
24182
88177
61024
36263
52815
38955
51311
36101
108719
40501
92751
25381
77189
87802
101292
6992
24220
73281
77564
99107
29342
16020
20135
55017
73579
50195
35211
23507
77832
101327
25298
44603
116174
85868
591
16788
61797
75994
41546
53298
6069
99760
111277
44482
79649
107682
68698
103959
74695
55532
81062
96721
54304
9221
52015
92839
9889
