47513
76847
87112
104245
17558
82721
80573
69917
82913
16829
87335
23179
74961
36419
30600
103912
41866
60137
101417
78555
108406
30944
24583
25841
113022
55877
24722
94464
19946
356
37986
67288
80801
56380
9936
72600
95820
109916
35819
96993
63151
81034
81763
17999
11159
114709
65062
53465
70010
105940
10355
99517
34997
21939
56372
80882
9207
25160
8543
80873
62069
79098
94841
24840
63739
27191
39828
118894
45662
32084
4019
111843
62273
101125
10168
108317
66444
53448
94777
60680
18363
101179
3726
21988
62348
110720
28652
50540
52397
86752
17608
53623
108718
101788
105626
71697
34705
44264
55163
106755
1397
1908
16189
58561
95330
41269
103010
7143
76197
110273
112413
66988
43586
88572
34546
118595
67581
101424
10044
27506
82744
60430
92412
1495
70246
76608
87547
55525
58567
4372
10327
97370
32793
82990
44091
87129
116660
91564
15384
67349
40654
53140
108285
56530
96456
112809
2461
14934
51192
51678
113964
116465
88823
67747
62928
116055
70043
64289
35642
60886
14749
86880
81736
75860
58676
103584
28813
31822
97079
107697
27971
35921
82609
60758
23415
72252
106683
55142
33157
112674
53837
112167
38104
29569
93312
44076
64253
59921
57949
106515
25793
2339
101706
50344
32074
33526
17229
27447
64546
86927
39656
25584
22116
95679
39960
50434
53142
42213
38598
102530
51651
22551
44409
55500
85085
57211
57666
81629
43442
85720
60364
23026
9896
59702
102098
52179
90924
98852
77166
52403
85860
7601
92602
27650
25191
3626
12196
38067
109781
112662
56779
10160
82859
44895
94782
97962
68223
16678
87200
21675
78666
31087
88296
45342
105974
55661
61409
109453
36845
94796
93018
14669
65001
35677
106815
44418
21190
111925
64311
108742
78352
90490
39154
73541
19956
22949
100454
91477
74217
74694
118519
78989
1356
64588
53356
59773
69172
26946
117695
109728
103753
18190
56923
47935
64697
85784
96304
33401
77638
106509
31493
109129
82763
12005
50645
113034
61301
74807
40487
83632
84463
58215
8102
64798
24710
28052
103748
34556
106280
38143
83007
118688
39428
27225
100301
1259
96632
115277
27946
44875
42341
22280
98163
86574
60002
25305
61671
101496
90752
113020
118043
42706
108167
11735
6559
46638
68960
79006
20580
84163
90463
3785
11579
79218
112086
9648
36576
83827
26810
19284
27320
9915
70424
34884
28205
48473
13008
10663
52157
101699
26998
107224
88898
33905
115284
114892
92534
37673
74832
102431
35549
76125
102128
41422
10642
41964
15538
112769
19750
87313
97714
74635
115316
46959
3094
83161
64468
8367
84659
108761
105731
81347
96982
103163
18915
96244
84411
668
38455
39385
41047
30473
64968
37788
64433
22488
10813
53287
29958
104960
77630
8252
31061
91498
102424
26943
57574
14162
88663
15136
19060
116217
106949
68737
101748
58746
10976
26904
33945
44645
109479
2336
2080
52565
27917
62987
56097
45107
60970
115762
10234
117938
79233
58872
28971
26969
61101
61494
89496
54739
86616
94357
41503
3795
45660
7566
80290
115124
96909
58382
32229
53157
96181
20765
113121
32438
99407
33328
94535
15772
42369
22007
60920
111463
117983
23209
1762
7353
100397
38736
54107
84881
107227
48175
110885
82348
11385
22117
69298
767
40728
54285
11679
2372
101374
26324
38612
115539
81639
107345
46105
100591
3518
32557
10531
41819
95289
99332
58444
112665
114972
97462
27304
23357
76251
63292
35166
60150
64227
48953
52412
45492
86290
38572
81543
32759
67328
19519
65646
52599
91177
94024
37321
116084
46046
108102
116837
75873
89482
113931
28895
5251
119049
32159
114250
48003
92576
97841
74403
108332
106022
85685
25132
89754
91525
65634
113596
52966
88002
13915
3184
28785
100099
60237
106297
88686
25067
38893
112754
45571
73670
78089
32631
76992
13868
96726
75326
39512
11161
2128
112861
99125
98137
15961
68289
102185
46772
45904
29992
113815
13268
65488
15750
48170
91193
31843
17497
18158
58240
9977
61948
26281
34510
55506
76423
95998
78750
52958
108286
34127
38652
17227
83787
104876
86019
51338
60136
105237
73345
68783
13083
86889
53119
43281
116608
111129
111044
20081
42470
107511
10019
72834
116812
117220
100557
54501
4183
90215
55893
23945
36547
71030
74252
76301
60796
13651
95945
107764
13205
103997
93408
3631
3773
59587
62602
116294
15245
18507
81559
99217
106293
15640
115875
61700
116783
61664
12355
57881
27615
96232
72754
102779
39199
84401
20727
107771
111256
111601
79549
119908
89393
31094
103195
83650
16296
9050
106518
117130
101931
79443
46197
35533
77164
72778
86374
23720
83137
109319
82310
118980
14643
88238
100418
209
81923
46992
58495
64457
5811
47534
88948
73146
113398
85469
73536
19471
69050
61300
10221
63710
24085
61519
32215
81134
100268
17718
66809
7050
62639
6932
19827
20357
77003
78068
45447
60128
48449
29960
21272
65957
72788
40750
86705
113458
77925
100325
73028
4977
97922
107905
101500
68576
5735
96057
103121
66507
24817
45095
12340
10716
9817
61840
21919
118144
81505
106019
114747
63247
34489
47555
113768
35331
44085
42117
115504
85829
79659
15963
9142
39554
86943
1193
51219
100848
97822
10311
103116
112871
11094
1741
100584
58187
99101
45959
102351
35880
2919
68962
44069
12512
74034
96643
31607
25272
24217
43244
50181
7376
4268
109187
88335
114739
45700
43051
97258
27610
31180
53369
114395
110498
38095
96445
30150
23641
105884
81171
11351
25218
81682
346
26923
70633
26159
9697
47911
100052
87672
91448
77159
53685
101390
7650
38369
20782
35222
105833
56241
87324
99530
6570
45220
113241
53377
53952
41903
28903
15173
114040
80346
113613
79640
34307
33573
100505
117041
33709
68046
28
31052
9158
51229
1557
60215
90696
81769
109162
3377
40620
80058
23120
80446
15374
42371
104132
54015
30194
6322
46958
34678
7165
118434
76000
64159
3683
50066
84624
22983
2792
4334
18528
117407
64624
100090
114299
37984
65836
19510
97244
118468
109551
76672
106484
2215
70247
112883
45065
53337
99853
171
82341
29946
15434
67851
79998
36338
48572
73280
91399
73925
119113
95849
8031
118334
76940
42077
109861
35064
32669
66541
17801
80262
42846
54051
42699
25081
59430
30386
25804
5598
9048
58948
66067
7886
32486
109909
24836
104568
17382
5008
9603
68881
42273
110706
3149
95581
88049
76264
91340
74867
30082
86786
36151
11945
55629
109043
96179
93506
69508
21932
96482
40685
89743
18254
105674
38064
65900
104856
31096
92439
13363
81933
118864
19561
44529
113616
56912
49643
54527
86606
88822
63203
90821
51500
100868
9272
44006
93264
18552
68980
42997
99366
59360
63646
88696
68089
63847
68506
44082
53188
64367
110640
102288
51872
93386
11761
51441
16594
35462
12450
33100
41976
45795
93233
68416
102422
15994
106548
106131
44916
99225
43879
76104
45183
14822
47752
93627
17030
35518
7742
72663
20096
5074
58649
54037
52279
109061
109487
34477
80898
53154
80479
28083
118010
9914
40776
36531
16251
87326
114723
37564
22970
57640
65257
74816
47865
60520
36553
47542
30560
10431
39624
67254
31059
12138
59405
101275
32403
90179
3324
56438
68107
76786
79464
9007
91519
36452
29614
62605
30021
35396
26672
26737
24276
91456
112572
5267
41228
36796
16911
108767
35287
33005
106228
70711
47756
11192
115239
47567
51140
107896
80123
95576
47909
29622
77857
11879
58209
88486
105768
22914
68239
78613
30525
24686
85175
60222
89564
55643
10773
59958
108126
102020
75030
28223
29111
80620
108582
51928
74388
100777
47394
15023
100160
115601
44599
1153
65748
11843
73433
1184
65252
94897
95981
15246
8805
103443
28305
78864
101210
79978
13547
69243
34847
41233
73502
114678
52153
114921
4295
4424
90081
101087
119247
67171
55855
102728
101196
87248
55177
113875
6348
37380
51935
74882
114754
101270
89401
60082
103097
58219
119164
108141
72952
118013
62775
102855
93864
19782
50928
41888
84863
104109
64629
40717
7540
85947
25585
12248
59180
57497
100324
32958
21372
49665
56888
87448
53306
42305
42920
70185
34148
116671
95048
31983
37133
4483
70497
51238
58423
111399
945
56087
118970
82494
77895
67164
93353
80697
54983
83863
53821
19642
71917
75135
117656
95202
72379
45922
25412
103539
60396
100511
47925
38974
92806
28312
81455
20148
2411
11513
79225
111817
53562
54652
41163
30744
87173
26642
92478
57937
117118
106260
108823
99598
83996
81287
70125
100406
55250
46440
212
42591
46947
79757
2108
33054
99219
225
109088
111288
54155
105342
114947
98028
105013
26689
7211
26359
66818
51665
9923
48077
50085
59577
73000
19368
94031
105841
90819
110714
95491
10798
75261
31476
104963
58288
11489
116809
55240
100795
71965
39599
12368
79060
15762
20817
9413
64937
117287
20862
78607
71179
75522
71480
66579
39334
1341
115028
57887
21193
112947
22180
87203
99487
20326
118241
58810
27437
3824
18389
3640
15766
6037
83024
119004
81355
34262
36188
36373
103331
74334
806
32959
83200
104617
52336
54368
47021
111614
95324
114431
115845
28047
17735
6278
83821
1899
101877
21181
12257
22518
34692
52451
10241
60052
57642
91043
28348
31900
66616
72362
40147
4791
54161
20723
83612
109584
88411
28431
29507
6405
89871
7357
58551
78143
4733
41564
70759
17108
112334
107703
33918
40141
76679
20651
94283
114234
53731
59211
74081
26053
114626
93977
114752
43208
23937
20287
86681
108912
102462
101521
75272
74828
111380
111489
12233
39362
17972
45264
35858
36966
80701
53641
119566
85176
51280
49210
6608
58493
34962
53657
2074
68567
11148
77303
60762
26251
114060
100014
3319
31344
53538
79702
84325
87762
54842
77221
118660
85205
110556
78366
39934
33985
80468
79561
79648
98966
80689
33962
104803
89433
19579
42928
24311
82173
32025
37417
13873
16879
65866
12111
86783
93888
50141
24651
84254
75190
63152
13449
34824
17456
66346
51044
46875
50795
58949
80359
101003
15096
15021
17899
15324
85661
7510
105364
107717
88402
42631
108119
66544
52595
78531
111539
86619
46877
49689
4240
68620
1934
93382
65377
74954
49202
102352
81125
46612
89071
116321
118646
100808
45558
85022
116981
96138
16227
34887
18347
3165
6444
37662
91652
70100
48729
88268
86207
53452
70489
19575
80337
96015
106312
109990
36863
109368
23367
51846
54288
35458
57624
113308
81685
80120
33648
55498
4061
38951
109409
28113
85771
37839
108907
11460
82794
105417
98740
75881
4856
27044
46527
2252
19702
110001
63543
56533
119699
111412
20984
97126
60792
112918
86139
2174
30216
112270
10048
94354
81027
97091
14092
86729
73800
21304
49930
8276
114592
31190
42428
5612
25320
18640
63053
74038
95572
50259
115982
73883
118904
115149
12652
100509
20602
33006
105637
23080
59630
10584
79430
64006
63375
93247
105214
7738
2948
92553
46122
36689
111636
35624
16499
22473
111084
12980
56271
62202
40925
43809
82206
104280
83422
40663
76529
90365
46065
72364
29359
104782
30487
111076
44978
70121
40444
74293
16685
90097
84984
79536
89936
71476
48102
99569
75792
110864
10262
90476
14596
3186
104976
86150
103799
59321
46750
99847
26637
70592
18455
26833
82240
37473
101895
11672
68489
89073
38152
21297
62163
33118
30968
34966
14235
43003
72199
118014
51022
24467
101523
3989
106991
3784
92955
70199
210
74406
1314
95147
49628
1382
89454
74680
3200
34706
114404
85433
4529
44905
42173
78139
58243
91172
83093
113744
119099
89793
95779
86373
60542
47150
64584
93055
77716
74233
115942
105203
113987
68666
26160
88512
110465
68973
112072
76260
14090
66437
32236
13828
53409
20380
67387
62877
1308
29099
88575
17003
39176
76400
23174
86211
70547
112833
48136
63773
59093
43928
6542
110584
48351
49467
114220
109172
18735
20861
24522
48086
6461
55119
84829
65326
103391
101727
112215
107395
68493
30182
27714
73765
82036
78926
38397
8643
38725
115208
34416
87732
75692
13773
97944
33141
47843
12078
3746
24252
14709
75924
107603
76472
115153
47863
13914
84350
76234
3404
39796
50169
71648
99300
87095
97139
116213
81037
100699
58925
118772
55909
11001
72520
75524
50824
108130
3521
107468
106849
90135
7550
78235
96646
79092
43023
100192
12481
9532
27518
16496
84873
59837
88943
103807
47474
55270
75938
75684
18516
7770
49121
8801
88624
79342
28149
41663
54496
78921
55644
62040
84132
98133
112920
50380
30192
110917
88375
69960
58718
25576
118977
117433
35029
22591
72656
16024
72712
7877
31814
87884
4408
107507
100263
59015
30733
118506
72528
81932
32880
78484
71011
43910
114974
80045
21552
97199
98482
56655
23573
45299
100589
89030
95528
49384
23972
106132
29867
88343
95082
22077
4968
103637
38165
6251
56044
96519
101305
39841
116418
45083
114108
14353
43517
20152
15719
53853
35684
85935
63979
19263
43872
54890
8755
47856
51870
116674
111140
46764
111392
94759
74467
82909
84572
27795
786
42134
117390
12908
86337
114172
69483
71804
22644
33682
60122
38838
114532
82328
73854
36015
55292
29985
67496
96710
40062
111394
49369
43828
36570
112536
119711
111469
27520
33542
62222
51992
109517
92784
108129
24184
98772
59811
110193
29311
48692
116519
79733
118275
3638
96220
6606
30843
93792
46510
53232
46257
57811
37471
61585
41384
73527
2992
31016
35543
4629
74294
33871
30632
119705
87453
41509
9814
101502
37897
20213
14066
24538
25432
13343
36472
16380
93525
103161
97890
17258
107701
22147
20192
14343
5174
38487
82682
19762
8104
65264
108198
61137
113969
5031
25796
73124
5827
88070
46895
43178
97768
2107
53890
117915
51847
23873
70174
34237
108215
69864
38420
623
14530
91479
40793
116888
87890
5328
34979
26992
68002
105629
69106
46387
113140
55911
92748
52171
105402
86026
92872
109094
85811
48438
7433
109703
19777
21502
72717
67807
69358
73675
75902
70034
83067
28367
119934
87052
96116
6460
15609
70244
113271
50721
52505
43736
110180
42219
100323
46250
56681
62037
6580
86988
111178
60837
440
60229
94571
3725
119352
27153
88662
22782
107702
38408
2023
86485
58607
50523
10261
106911
57352
97135
108612
114184
75518
91331
92279
10377
86903
108411
13714
14569
112034
57319
41844
43439
37339
105503
75016
74756
835
93989
85400
105592
48416
116304
93634
113321
24076
36525
81698
104248
113612
82520
29445
83443
79239
62865
53799
6397
16718
52962
12946
38753
41846
108716
64763
73538
111279
105071
10211
78915
115150
116686
21462
48982
68468
88732
26034
5553
92647
89879
64723
104258
23337
46040
48338
88097
42056
74517
90470
102302
53194
70510
44911
107374
29208
101918
85330
74360
81950
34739
26018
68996
42366
12378
1571
31244
92149
61441
109080
57676
117725
101435
78998
31821
85471
53471
101520
64737
46978
87149
93566
78729
100747
52668
90592
34100
59985
51206
70996
101933
105895
38685
19654
99042
75769
110125
51151
11696
23063
29402
112197
14355
10893
80739
21080
77671
40655
95399
65627
1894
38078
106439
49799
61590
7711
31312
81829
81295
94013
19110
8293
111774
4457
60782
26682
88752
115278
79208
73577
4926
106495
44261
81778
72793
33013
76913
674
10600
38328
5740
54417
11225
99462
11645
28045
42801
49117
13239
77593
66149
48307
67318
99070
111823
87013
106665
85208
19717
75174
35612
108694
4649
95930
12352
67209
5670
88293
5053
4125
71035
118502
1232
108479
77071
106440
25931
92897
11298
10840
87410
71078
34
41724
83302
112859
31355
13126
14263
95678
58420
113761
67083
82673
99243
17103
40238
70029
81734
47806
110011
31571
41605
15615
32423
17624
24730
22613
45749
84147
50830
91255
69536
32442
101035
20754
79252
96604
74988
89701
27263
77041
85850
63699
68476
114326
74985
92449
1426
61036
91374
72599
26042
55041
100414
38107
17088
75966
93543
1408
71742
85185
119862
71450
13768
95432
65967
87375
51239
13424
37896
36632
59177
42114
44449
89312
106668
57834
117453
103611
112136
23132
104092
26039
84603
60413
112554
114505
65924
15385
17374
39526
80609
57040
105104
100523
40493
104149
50604
56559
38693
11083
78968
31206
97547
25309
1598
102514
34323
37881
53252
86902
21132
15525
90721
60420
57621
20738
45278
22387
53587
1744
73523
23676
42405
71820
95340
43443
23474
41300
33569
96735
103757
976
24250
77175
14557
31412
27459
74321
47970
80306
99113
6959
116875
34130
50027
54972
20636
64493
98530
30686
49391
61123
68365
8092
64286
63665
111894
78491
41919
65295
34336
73409
11747
88745
31125
31012
19045
71504
24384
63475
30017
85615
33325
28009
66478
113417
102267
47355
93228
51091
6756
82205
94425
78602
63920
8452
11208
90496
102343
43741
84636
8174
76942
43706
86054
117055
6563
97563
60369
3838
34176
88785
103228
16842
79740
65456
109862
57051
43940
54261
9748
34152
114927
45640
12171
15981
91624
104274
18587
38377
91246
78694
26891
25950
48589
12132
119822
10750
61047
33669
46649
38596
72499
28789
110774
92240
9456
61893
89833
81896
104483
97075
100347
42145
97065
27857
68492
82735
77461
7581
14188
79785
91509
10719
58513
53974
41995
51218
99651
40098
107552
49070
48643
87461
95932
45390
100415
9820
38820
53104
52480
80565
72639
71878
98980
56472
1610
77601
84708
16397
28132
37891
16447
115352
71038
45620
9197
7807
61108
117743
95703
79610
72251
113446
104108
98409
30586
86623
96930
3665
86310
30716
46607
85253
44725
8080
36057
6425
106962
90332
60681
9695
90075
87658
32546
88201
14810
107471
1229
2077
10484
119936
87677
75652
51770
94423
67399
108653
97293
67994
109609
52598
44627
53113
4145
49805
112704
85028
61140
29588
19361
32710
41406
41753
34727
20798
110886
53737
105684
84160
3932
100015
99500
53229
109983
109576
48070
106062
108027
62728
33443
41235
94715
21256
48898
94547
73442
42842
102229
95028
26857
109795
18388
9901
119243
99029
65484
47762
85279
100465
3222
106777
110238
75491
97237
57207
109267
64118
14125
105047
56864
113356
92441
91217
115577
102373
31899
18748
72407
15657
5787
66626
95906
27260
75778
80962
25026
70918
117706
69757
112646
9853
29997
108040
81815
101866
56264
98187
84974
26404
108980
28552
76073
26591
31532
117162
87115
66153
74238
12106
44352
98400
432
86437
19028
95296
54210
107041
44228
70313
897
98377
54791
71551
60584
7210
1310
81899
12809
58821
115803
68208
88820
119286
17120
34763
115434
60553
29346
87406
38092
58393
112013
109201
101582
70541
115636
92153
30177
99255
114513
96219
91978
8018
73661
111154
71673
115346
97897
64122
93034
17639
37683
63882
24822
99439
11870
19310
97412
14849
5888
35154
19304
5821
59949
83072
36293
106769
106406
9772
14714
79794
47414
108390
66872
72773
8469
115889
98206
1904
82021
108547
56242
1768
15692
107585
16439
7051
91301
39605
87712
109045
23270
68312
79302
36164
96532
109898
93231
68095
87505
86661
27160
12218
6822
19344
70630
20197
73432
78872
23643
21046
20726
12506
94267
32707
86569
101240
63322
11989
45907
18132
2669
27457
55161
15514
74625
25434
102501
119943
37158
78991
63281
53147
6080
27533
13494
45797
70431
18476
8292
112154
77766
58613
20144
67020
31019
15412
67663
108677
117658
64268
40472
44267
93317
2091
107450
69171
102689
111414
48290
116116
106313
75748
31031
22652
89658
19901
116219
105450
16893
92535
99859
116123
112932
102516
55059
584
15608
38897
47562
11152
20997
91754
12604
1362
43346
49292
16637
21423
90407
12154
29531
111591
82518
25149
59655
52649
23223
64827
41575
19
119221
22120
14762
30633
7066
44632
90462
85814
117461
