26558
9176
83374
71564
3487
104333
43933
23610
95478
111761
62098
20227
10433
112926
96946
38529
25405
57234
31498
72749
119321
76012
112135
84620
95914
107644
3854
85808
8537
31950
17309
28081
58144
49224
33502
76471
44764
117013
70486
51059
29171
7721
72651
60945
85630
90033
117094
49351
31413
62547
28314
67339
34164
95268
76129
47246
98342
29888
110809
26754
85909
84199
86046
42177
6002
87506
51245
78627
103573
115892
21029
80619
30976
61208
98978
52150
107290
17469
83660
28163
66875
114476
58497
1997
30231
91023
102663
82513
102140
107254
63660
1783
93882
30116
53782
15532
75484
15858
14336
114765
72589
106287
29621
90767
67000
112017
23044
16682
45268
62255
39427
117376
32042
473
18418
115779
40436
41375
68788
50889
42545
81398
16494
413
26133
88831
37130
44308
53972
71168
4872
81531
89254
45884
67092
91494
61554
94094
70200
18842
103094
44915
116079
73692
8275
102935
62132
23428
70544
70251
28135
60484
6010
96605
73033
84119
27380
97581
60548
49641
70997
19049
96331
110445
19484
34846
75110
118521
82154
13180
89069
60852
3342
29285
73300
53064
103935
21325
43204
17306
25506
56119
109340
115009
97921
76884
13256
95124
107904
114969
119293
42872
86451
92600
47687
56023
96150
36179
113346
84103
92574
70332
30785
93290
73198
76239
89305
63426
61751
17211
76402
16992
75406
22894
64486
59050
9000
47243
38794
67800
54384
91692
40073
21549
53885
2954
97753
14428
27326
117632
75570
34165
96837
50210
10124
117416
96281
109132
43972
80737
106264
114833
84137
110899
76437
43733
40306
91702
110040
119670
70811
29725
27114
33145
17205
118850
22593
104437
31767
22093
34730
72678
101324
47095
119852
38178
12732
14797
2794
107886
83301
62053
61340
27936
31927
108703
104379
73352
102445
115981
53508
31743
85189
15146
27487
73545
23241
108976
65316
93664
50700
60914
41645
6363
82700
