35835
106114
25385
107138
46340
23450
44975
88256
108717
64949
113869
21442
37665
70669
63969
19845
87008
100923
84548
78645
83966
5522
119464
90504
28620
101243
72992
74516
40978
69701
894
11278
70284
18362
67572
116897
96158
83805
118444
17694
59159
43853
106214
64467
43504
38414
104089
92123
50985
108293
29891
109004
114300
72274
68299
63274
31852
19227
9827
39034
1479
86667
82344
103698
51971
85761
78948
85538
16544
89688
28792
49304
79183
172
116407
41351
40973
50339
54325
10925
10509
85515
117752
28385
17397
35657
7443
107282
71639
52553
22877
119375
93875
71615
57546
12083
7388
25468
6384
10500
107821
115378
87242
115502
93858
12608
41535
55471
82061
88774
114717
82236
25679
79971
5594
7998
64064
49893
95740
82249
53443
3386
70937
33026
31130
22719
94278
77860
58282
26755
74278
8512
14404
17210
47321
3309
114227
53814
38566
21956
29372
64165
64459
5530
24811
112682
54775
41192
78102
8401
64851
88397
70960
13081
106932
34261
87922
56601
97799
73438
107306
27904
11361
1514
105786
105125
89121
83998
105749
1516
31378
72486
85644
49719
20697
17584
28227
10129
45078
108987
40061
88459
35399
43574
80760
24507
27974
23438
30590
64216
51906
44292
71113
34452
95809
31272
15757
54702
38156
74305
105424
435
44567
20996
52317
107664
43357
69998
85050
82785
90317
3816
49767
16036
56518
57459
1215
63928
56886
213
117816
34345
35436
38203
103214
4476
17790
49519
30233
106846
74022
5388
73537
89997
43782
95902
116774
14067
115968
29294
81503
90421
52726
15906
9484
12771
13700
50263
82514
50521
52658
115270
39217
49839
11649
32565
46625
117497
111638
4889
109337
105548
108276
29883
59783
47294
15678
28854
29281
11597
95310
56971
57932
12468
54731
80490
83079
104702
71288
28776
22655
64681
23290
29652
56846
90952
96062
45329
98065
53600
95588
81984
27861
10624
68990
6574
92321
41862
51670
116457
54306
108423
86274
76356
36464
29546
104206
101913
69153
80660
22769
86111
95376
33079
35562
111899
90499
105405
73828
47346
43355
9902
21698
92147
21410
109056
74332
42513
30295
49302
56351
40797
15191
93359
7730
35060
84248
15578
3235
62290
115337
64872
91234
79346
47317
31399
14881
49086
39537
37669
8516
41166
92916
38286
6583
11793
83564
387
1828
41138
99608
119381
38756
993
104899
25547
86010
116263
9486
18408
61009
105989
88288
84664
16981
92663
47696
9718
49207
108592
101233
20237
102624
10326
52324
38628
67543
788
73796
33312
56055
110305
99159
4358
61818
31762
86427
64243
98599
54968
101551
21230
114252
24394
108606
47577
97525
14975
57555
59449
105043
84893
78127
63607
52733
47532
81611
66755
115648
84849
69199
57332
67953
77104
71449
13037
36118
1098
100993
36369
116960
67846
111712
84214
60995
21158
61534
27993
16305
10249
415
70839
92383
55689
72116
101960
44235
35428
21605
22450
17344
119240
22270
38467
55182
106063
19452
59170
67849
42753
90762
70528
48818
65265
78801
51866
916
67430
71326
47605
118928
8523
112080
41196
79172
89506
14246
10668
77891
56432
39090
66522
94602
109977
57545
40237
57399
88641
108977
42963
88771
21125
96983
52300
35905
110116
6377
11783
112494
31940
22402
45040
88314
77419
105613
91924
39714
97234
116329
1231
82037
73703
26811
32254
27899
112735
33388
1459
32007
69115
95695
32452
19482
43391
79708
27852
101583
92533
10767
115373
110399
26383
79005
18121
31309
6307
54533
73938
39593
15894
97631
102339
26766
70859
78343
22390
83215
92514
6880
101976
4628
104344
94230
50489
70861
52316
87702
107256
21035
35573
58873
113750
39128
116496
98934
8284
112258
1536
97469
16980
107088
23743
79304
53285
31967
53534
21278
43646
104759
34928
23639
89047
13889
71255
66173
111436
9359
6334
6665
28407
79868
22360
98086
39950
2454
12296
62451
69459
12488
73866
87240
1751
33921
61683
68652
23631
107669
33965
106105
57375
9698
16677
100935
68260
15748
59453
37000
113716
23449
106925
37097
92728
34175
112127
4008
47929
18781
86754
65559
24802
