67627
55663
80534
64251
66648
16864
65247
116500
61783
68748
3748
49505
84733
53432
45855
37711
83955
83738
80398
8094
107713
100307
84009
98119
44360
80258
116878
63719
46468
110987
103517
84931
68142
104169
31846
33378
91604
111890
336
5845
47743
9683
43819
94350
41761
60891
46339
73837
63997
31845
89301
60038
53850
86690
71848
116959
69900
95599
87433
66120
14444
35571
97825
41128
117729
38699
80156
36976
98787
60432
112088
37966
119816
7455
97720
61614
46434
99256
28492
71059
41881
7627
11230
109268
100952
28196
82651
1350
93726
76390
6385
77575
68615
82822
82524
24770
100667
82685
106454
104852
37875
11476
117887
10325
102198
107704
53068
9218
36444
12963
72873
100624
109425
41950
102662
98594
93501
44589
119827
10527
96838
81844
48439
119963
14909
78591
101942
76069
24205
107393
65914
90168
33263
48111
73195
51473
69088
36558
114535
78833
13665
65065
32614
118929
106268
19990
83193
19290
89842
118278
54779
78293
33155
98214
62898
71261
88954
73211
2607
4708
47528
5526
61227
69407
96620
58580
49542
100956
35500
54060
20937
88993
100464
55220
21443
53357
59495
59902
17954
116591
146
62819
26763
30460
95178
92066
13487
104175
102165
39031
16029
113293
6954
40290
61820
111326
8225
8765
93199
115356
77606
59887
68031
24059
119744
100716
70426
10029
80564
75536
13455
80421
112339
43336
85403
23948
96130
79799
79091
108456
84727
93714
15212
42275
49948
7492
12208
101433
10183
4344
110752
50786
94434
44493
58182
64995
115902
62958
64590
85678
52996
5327
18652
53057
12885
117868
64220
104137
105936
71392
68811
29528
1975
11711
34173
115833
113290
83396
35598
93554
109988
20940
49502
113493
64674
112831
101763
429
116806
90775
30147
71740
30607
84707
105759
82603
102206
9140
63579
44909
23909
18724
51766
119976
43096
18183
62621
40959
97300
55724
59386
66955
46783
6896
45049
13052
95385
23903
24304
105869
34288
87423
66331
78675
35080
68277
25112
93417
34715
93940
96413
109928
63716
48768
59990
99539
100019
97351
64411
39350
103824
73228
49382
41394
11935
17979
7099
59388
79822
9135
89425
41338
87972
107075
84643
8829
27627
93683
112960
105034
104032
116011
91696
56595
83610
88391
68964
41374
34667
74775
41748
10783
35776
29401
26346
53689
38025
115896
60376
26967
75901
50167
65623
23745
64677
38906
8820
63135
10784
79407
69037
80895
39449
63907
106742
61581
81997
103290
4282
111056
78171
20579
30418
112310
25504
4068
16901
15221
27352
105322
44994
22691
15334
57530
109754
54657
34799
64644
44140
59132
84355
55426
73408
117152
94977
60810
1246
64355
1694
111524
85264
11265
40998
91206
101425
118237
46336
81746
95589
91147
15036
60207
23864
110766
48104
85840
6974
42126
43531
37612
75086
1298
105420
70842
25063
53541
18947
116184
23611
17609
83819
105604
110606
104469
4139
91271
33210
21725
75417
87636
114107
14815
10811
53320
68959
71390
32461
6878
114120
112919
19381
63673
16614
54885
26531
113452
70037
20408
30608
23095
98721
51384
58112
56018
116747
95549
37474
43763
2608
81940
43912
60074
118382
55842
46642
33942
15836
32786
108697
80132
54884
40769
65086
8958
78129
57133
47975
836
26066
10539
51475
80134
66750
102751
67704
40415
110084
62653
96972
52620
81670
110076
71091
108961
60295
26822
30850
27243
94917
12396
70973
25695
116422
55944
103340
60885
79802
24872
31329
32460
90564
7576
70770
114746
10038
108587
33212
103484
96802
115126
117229
10761
110646
17486
30923
107069
92002
102438
90694
52961
89515
59407
66881
73516
35021
13417
59759
43251
13858
69177
29832
113137
87565
93952
7967
95651
51685
46023
11915
14612
41728
49959
53790
71526
9419
111579
71041
45061
111913
68041
37292
94769
42338
68772
14682
35596
31277
33667
48118
44608
119203
88506
114010
50750
52208
91070
67725
56354
106408
111647
49897
58016
76653
54701
67844
59973
95954
30695
100544
106028
107890
93624
20310
6614
4874
40483
95606
91711
71089
46776
95817
30833
111748
79268
28605
110541
72839
10233
1285
101464
62820
93787
101737
119546
108433
116170
118158
69989
94931
73680
82158
26282
96919
23096
110168
115132
80040
77869
20967
34051
91922
85463
63659
13992
96869
18811
118957
22165
63821
101359
118350
50818
83895
31294
79105
3866
71780
58465
96483
90682
5731
103575
106934
11149
77107
34977
11868
91107
98564
9333
95955
7864
36130
67900
25041
91305
26650
57562
96750
119732
94446
92210
85041
42715
19652
86605
74951
23977
52188
16292
92528
73699
41168
100603
6312
103968
22766
104022
74476
50840
69095
53944
96443
48889
7764
62091
91315
50534
5828
34246
47529
22486
35702
29551
39644
28764
85369
102681
44325
78290
106739
44189
31996
111758
12004
1690
61384
110958
36150
50608
51430
15741
24162
99095
15853
99834
119767
26270
57568
42909
84956
35860
91756
14928
19513
57384
102047
18747
100309
45479
27488
65410
61705
10410
53831
55666
80313
108194
110018
80558
100355
44485
53935
11029
31516
13042
118023
15108
39292
3610
66679
60169
113223
115453
112975
100489
28037
98012
19983
11682
71151
76959
49946
44311
5910
23262
18702
2769
114578
111634
11281
107597
62240
86941
91666
90278
29527
108796
26484
30910
58402
30626
65448
56894
53801
73089
66292
79495
113769
54705
43075
53307
112684
87820
38708
93789
47248
48202
81982
23397
45608
79220
14846
1926
117702
40113
77647
57931
78880
59639
109306
33514
7803
1019
94603
109555
14214
97389
62234
43053
61738
68868
33737
115283
33812
29210
19421
63647
84739
94235
92406
34606
95471
88806
99240
89021
57151
110877
62613
37845
7025
97384
111986
83527
90199
5718
8674
10665
100473
71266
101719
88780
56643
100186
93925
81793
1496
82813
116106
69256
99519
3292
22397
324
60802
50614
23963
68126
15062
48688
42917
37217
80968
103846
63298
51289
45443
61863
110274
27665
1091
57825
57724
2906
43792
85705
52366
68459
70986
88404
77511
101299
32030
28753
80538
211
94175
38189
91521
59240
104879
19494
89226
67916
41313
79774
1113
42856
25267
91170
71424
14567
68529
43718
109375
97260
110088
29017
53109
8050
61158
67761
56661
89804
87058
94880
71874
36162
24263
73074
87603
12907
60434
27435
83280
35919
13168
72792
68558
76210
58325
44817
82726
11822
109241
2238
45331
98071
101158
89282
84578
70132
76681
105264
74522
66853
93944
99828
92347
33114
57558
48687
78827
13882
12775
101200
51208
71120
110953
98051
287
6860
89406
112812
53150
31347
108702
20421
92119
86888
89667
24886
7231
94063
118954
44066
85846
24742
61540
111895
86736
52467
54486
13289
10134
27927
88518
82280
61811
119898
104507
81306
48822
63668
104063
90697
39983
101744
104187
111681
8300
9095
31478
25751
22721
63395
115767
70210
60467
100922
8046
100951
34542
86078
88110
107756
