52487
3584
99349
74915
57914
12321
60728
46578
27867
22312
35836
55200
108813
63195
111951
99496
103521
97049
22410
44651
82997
89897
38101
78940
10937
67185
100363
68745
70890
50484
43471
103608
13375
33357
86703
79939
118361
119696
113252
64984
79718
113345
69035
118804
59141
113688
81616
119444
27378
80967
64472
60871
107118
24545
19743
51212
4936
42323
89852
524
91538
96036
50010
44592
64619
66492
11660
104962
61407
24908
89890
51616
51845
84287
26249
21102
42630
1678
98407
28114
116516
105341
35760
45380
75887
39766
15004
68216
28024
56163
47873
63971
111169
115351
26225
110120
4345
50515
27309
40343
109549
17503
79130
62171
474
71433
56068
14852
49075
83792
29976
99857
80693
111950
41798
8173
52542
85313
101736
44752
48037
80637
2144
37655
19879
45402
103875
114347
91831
102331
74919
55141
9618
64510
42063
22827
45737
93869
57395
22624
56305
4339
47719
12967
8126
86566
16467
104383
99885
113010
100013
40682
47663
78241
7577
100571
69640
87457
40510
9952
99321
93734
26429
21615
114413
71975
5078
72236
101463
28128
32906
28319
119850
90438
56278
107626
45293
94831
35985
89893
61922
39069
50848
20093
11865
16534
62692
22491
88715
4301
100791
65643
4193
12659
62519
35782
15250
66909
934
99038
8186
27322
48348
83455
48582
119679
21746
15257
93939
116419
110960
75787
89656
85553
118186
22232
29413
2020
95326
108325
108658
48222
97859
116700
94427
13346
89591
95573
116043
99777
44116
89618
42293
17425
72227
105198
94674
49953
114348
2138
12162
41088
22453
72563
38322
65321
110034
44600
45201
1067
31258
26148
36085
100068
87668
63052
21814
63023
111097
90768
32773
19952
96688
1090
114461
87993
75720
20216
92295
31828
7076
7226
96434
31812
66511
86219
535
101139
46837
18013
111415
18804
89953
78432
60314
92372
89653
116001
109689
116780
41428
85342
43091
21787
1006
24016
39901
66601
110919
100679
5783
5535
17233
90164
89769
107166
79391
47352
99881
103939
4238
110203
17310
76526
14786
117929
75185
119568
30683
58031
75278
102083
118184
19712
2069
47104
8993
94457
72862
14312
14424
65764
48546
2909
68116
89174
93044
92894
111242
570
54713
39158
104938
29323
118740
91287
25328
55012
40547
62318
50452
68067
2100
16298
22957
97965
63624
76158
47963
5041
107392
85510
40812
20248
104933
19220
71723
25805
74990
103264
105579
107751
72190
74221
40941
84478
116748
73873
117584
99623
95851
40684
90110
18022
19380
112879
111705
92956
68841
119338
9222
112454
2602
75801
117960
17260
79316
78930
100185
45760
97340
106413
94279
60255
78219
96344
23800
106853
53280
50594
71391
63998
35669
17857
26871
28892
86886
8517
112700
7471
27775
61760
17521
118440
111286
35936
109031
32572
91236
14866
114282
38417
51041
17826
9593
16286
59205
21499
14062
51990
13837
25173
44407
29307
91845
12054
92947
109133
24680
62141
53651
35558
25336
44583
32482
119245
10645
86980
47100
7398
54741
33674
16833
20295
56517
52760
70500
51166
58451
66649
69843
26254
101406
43693
90159
14577
37111
93497
39160
40469
111625
110790
68928
99531
17807
92822
17578
114286
60882
73379
68217
111944
112834
34400
15475
8022
102008
73315
53653
57033
49173
94492
33258
87855
38960
72235
83803
71437
105087
111921
105988
28585
117117
94178
29797
109620
18896
93738
28046
707
61187
12327
118578
26107
21255
27031
35723
89442
55789
35900
1969
91124
29811
111820
43273
72464
11583
82486
38054
436
80253
57314
109482
115395
77290
59153
115475
3522
85524
99229
27452
40814
88278
84225
105130
89680
12172
43088
36896
44159
108328
22306
96526
109736
92706
53166
8390
14938
42703
62164
102459
103515
10247
76358
82933
102013
40584
81987
27021
87064
22619
103969
8242
97852
105460
46798
113311
5832
55890
43367
84468
44109
37972
113445
90348
94566
2897
50448
107903
82333
55552
49080
31484
58826
51699
13971
41551
61925
3895
118403
12984
18557
108590
32918
99392
7968
42600
30770
51601
102770
78709
108637
63062
66337
50886
110656
78387
85853
2
89338
75591
31346
37037
81935
81757
79467
5272
63307
60516
118175
72710
30258
119721
32856
75053
37245
8054
56723
100056
96488
29391
83330
8739
92007
50530
15807
23082
70039
36074
79701
33633
48281
69820
86463
8803
80704
73470
81843
113104
62266
26543
91349
116708
107135
107449
108162
48149
79454
23352
47489
77261
6524
19515
44392
42528
47017
7415
26982
56766
4741
101228
63516
116129
43709
29400
83923
42343
95637
47018
92759
76573
90116
59819
98626
73769
25036
51297
4132
107956
26196
93469
23942
31835
8273
112481
102847
112794
56924
119371
120
33293
36168
37156
100659
52298
69283
83879
10739
78563
77968
89794
41359
26200
111680
45909
68551
110836
90755
61218
79331
5022
20097
56475
110742
87153
41792
85490
79493
99634
101399
36067
88704
1568
45696
31535
33903
76305
109446
113900
31930
71349
116537
77628
116038
41526
99806
76312
1282
5440
42460
32168
107906
94859
60866
22671
35449
79537
36776
48641
53983
32922
41684
3769
85547
119356
108011
89095
108744
24791
50203
29214
65455
48488
66868
112598
11450
71121
6209
94439
12902
99374
49579
11861
56223
85742
102639
51917
79078
82805
115130
39303
97524
68172
91614
47051
72137
119490
19640
101689
62808
15501
15456
10506
11363
119830
59349
76324
79199
21987
37799
105824
103793
95284
38783
59705
2268
18294
79645
47118
89246
96242
27194
36292
90557
412
92649
42543
112357
59445
21958
41161
26584
16840
76694
39834
50663
9049
47447
288
21781
23928
53594
29727
94225
31336
32023
78719
16412
63449
75194
12827
84856
72669
101258
995
42109
75719
105077
78203
74458
49278
42412
27156
24771
51265
52859
119020
83245
89090
100527
24967
103631
73813
70781
96563
33028
112950
39955
94981
89140
45019
99075
16186
35178
113231
65200
73319
21682
22064
99494
112376
78086
16461
18042
80203
61776
60814
118473
116180
33876
29227
14519
59774
7579
87169
86103
61252
30202
13887
58487
41056
43925
83829
83246
115268
10476
102350
17672
27943
15811
70256
63815
107405
31463
84814
50655
54796
59910
75247
113595
78327
42224
83230
49383
25801
6750
30462
19572
30540
42342
47061
48126
5201
101867
65489
11481
84568
39186
53422
112253
21950
69427
75440
18647
83258
54926
85582
2538
54728
26081
59467
101410
59063
54653
77615
34443
73768
64398
110222
26186
97741
22524
31963
66059
17724
6801
96246
13227
87420
68993
14388
62425
95126
37478
76706
46463
33438
46905
102713
90289
110524
102949
37229
113555
95934
82255
44689
71945
48472
116924
24305
85499
35794
39132
1074
14724
29754
83472
28525
34633
44173
73623
15357
64177
55402
84819
65813
111162
81042
84176
49914
91071
94666
6308
84749
27499
93914
40383
22723
88753
109509
25343
16744
45844
47278
63337
81136
88295
114866
58674
66356
113375
101578
3761
52485
31387
34350
31240
115514
55281
68539
44148
69063
88019
66894
98629
17029
80268
107749
67017
51331
68001
64765
108388
35934
98048
41556
65876
38205
8818
39284
29560
58385
116077
46928
12418
93208
106664
60172
69978
30254
6315
29038
9016
52685
32886
41508
39504
87007
70374
95774
56829
43296
41959
76207
15574
46529
51555
32911
28489
57913
32896
109445
113139
37213
38976
43283
115327
58216
79687
74877
50626
62381
88244
50105
3864
42301
77649
21351
34037
107993
26402
77804
12304
73783
41633
16793
49902
39092
101423
71044
15518
48122
49262
40823
17119
65202
63196
21680
114155
72439
73334
17256
27208
65449
107421
87359
43659
56474
108800
96252
1576
38850
23536
95316
1349
111432
112010
9148
39880
118513
55851
67071
58748
109016
10609
112369
100656
61841
115004
117671
11907
82181
77624
17586
71882
21478
64700
39083
59043
60390
74008
86088
38883
102926
84272
37288
113162
2901
98297
58156
36281
84113
49285
9818
116390
113652
9402
33103
49452
70851
62535
110386
24789
54181
35753
39646
78910
77226
118082
32957
23341
89367
74656
20601
31883
116196
66363
42501
31750
71652
20684
64454
47962
4000
79332
35304
33095
50794
97993
111853
16387
54916
88200
46604
32293
9589
12837
50712
31195
3315
105795
74512
49134
63976
16205
119544
100851
7304
16999
69341
3074
14756
95543
117470
68352
35503
72507
7000
76160
17843
108511
65349
79845
40025
2707
2835
95510
69151
26011
111593
42743
1414
40031
25904
117204
75828
216
72737
63661
7331
107015
20012
17709
113372
98356
60227
45943
7932
117097
84427
89436
44939
36270
58588
32154
80974
104282
95060
89330
984
6970
94383
56014
100101
37083
49449
83846
82760
80243
115988
92688
41905
26438
54909
21797
78821
32389
114585
39925
66310
80945
83500
36154
91707
115444
16645
36985
21730
77350
62864
117476
60620
22293
113701
58118
91921
110482
46161
15803
109313
77037
42669
101946
20784
110942
60870
16517
24100
27252
70015
51920
40214
36607
94758
75661
119627
96430
101286
43817
75123
8251
55740
114067
115498
64261
83685
34409
26819
101072
50261
39697
38003
37597
110648
117184
78861
64561
110962
49123
38018
78446
1011
56218
103896
113316
84788
42347
49877
83203
75777
119733
96704
45766
63417
14661
93375
16172
100782
88101
55260
42308
34364
76850
84369
113573
56043
110420
85423
97530
75029
79004
91308
101018
823
101776
41262
51132
4812
28593
75263
112742
113622
73172
61168
12239
95347
6391
63470
49400
2481
4356
90508
32490
99297
105943
104106
104362
45612
65733
89348
5797
15028
74621
119881
119284
98743
39536
118352
47324
99006
70676
26328
71440
54878
67442
94959
26622
43107
101074
113863
37402
89164
60236
48679
63424
109568
33701
41133
49660
113601
24262
57606
13433
49711
28719
80671
39580
49131
50233
43262
61891
33899
3239
47506
21093
84142
15084
55101
52739
100444
9103
97899
5781
29809
75494
70613
79056
86843
108151
46428
44187
45989
70984
61807
6255
108830
57955
42182
26113
99046
21735
98146
83809
34238
42373
32515
48542
23604
60574
67010
99758
47822
35823
40368
71411
40400
89740
108242
51106
97254
89229
80996
106046
85015
64574
2781
94072
83217
55297
58526
91573
89645
25810
116363
28361
94007
15276
52890
14459
32202
87516
98481
96334
94886
97923
65246
82051
99341
74688
44052
52429
39468
13201
67089
92489
81653
72281
20160
68924
80389
44218
10891
79747
39080
117962
19709
4176
94376
1519
28477
34630
96986
109922
34015
52780
40880
113922
92527
60304
107840
57273
55108
75683
104883
33275
33613
33923
26651
102772
34646
56780
89413
52391
5288
98312
56989
8482
40552
30053
47001
58520
7692
93220
107178
52046
52637
119260
101442
66822
21788
111477
9295
115193
11608
13652
113756
87199
61254
28696
75154
93460
43059
76806
47379
77884
117040
11179
93355
114707
7652
99576
19732
63228
14952
67404
25758
21435
13541
112847
89225
21790
22869
60433
52537
72659
38812
42730
26862
108657
99817
2705
7286
64682
106407
109015
6451
48400
75394
35757
15470
115335
52521
71603
74960
3279
61345
89484
30239
41234
30102
17814
110369
56064
60845
106928
71929
101144
60087
106450
65515
116899
69730
59183
111995
41782
41894
61274
3545
24142
19274
73062
97918
23974
27559
41543
18728
115596
49710
65547
92431
5691
39101
18091
48712
6782
89066
119269
85374
116396
88797
105682
111618
61499
97161
98478
85323
82226
91330
59855
58945
20460
69547
67528
100639
24635
17697
30647
47584
73250
97202
85073
75613
17809
26686
45393
78146
11455
69603
14110
13816
44732
69490
76227
93173
111844
99506
48297
51839
77861
18942
66186
41119
15216
111613
74455
98993
48737
25490
119727
72558
116998
92788
5661
85148
118411
18409
18623
100629
104253
11155
2119
35341
102104
26840
46635
20701
56298
91973
70982
76845
25651
62349
11348
98774
82917
30166
101076
65146
84380
85422
50413
96105
40637
36854
94487
57525
96311
45913
3466
30881
1234
106787
106091
100929
422
102938
48060
118607
76951
86294
43009
91524
20367
21173
65586
46038
103352
24574
81224
13746
6590
25061
40312
67098
102560
109001
91431
116214
24496
20056
79427
103233
79979
74033
31896
27970
65443
20338
77099
2330
26216
110951
45576
18727
112507
65937
119089
93351
42294
33010
83106
75950
13902
113708
115728
94442
100086
57983
101993
83008
104157
42159
93322
43754
56999
29805
87446
21628
68182
66177
21623
62555
78812
100767
2095
74030
4017
35687
93393
15389
96144
118976
19529
39356
941
74547
78425
47771
102243
74930
100063
14286
55352
36956
13151
82608
204
3833
15611
47357
55849
43280
65428
43845
48135
12596
65454
81680
105311
76628
13103
40987
111801
59706
48463
102411
80539
3472
55313
93670
85614
88116
111410
80721
55555
110770
98668
4822
51970
8387
67667
108191
17596
21560
35580
21012
70901
107155
69224
85178
70678
16297
1077
11220
51170
22674
63107
115665
93930
72225
5684
107867
75380
72525
56578
100991
67306
76548
84309
67608
94826
