102460
64715
110178
80397
23227
82743
74282
72675
8823
112084
45216
76815
68345
94281
88153
94077
5775
9414
55158
11782
60374
87464
38859
83462
55940
53793
77240
46554
99855
39377
22409
33963
13925
13446
26816
60042
50994
6040
7637
27842
72577
15012
86637
84383
103130
46286
28450
508
54906
64746
10753
26455
55527
49061
54967
103716
27522
62117
76776
21138
56503
7960
7677
11493
40760
106552
74416
23323
97550
21458
15006
19922
34813
39979
81108
105714
64620
15734
17633
34554
12053
50957
84432
90760
26488
69366
5857
84455
44737
73863
111019
107229
51285
66560
26813
78582
41579
100051
115932
37886
113397
21793
117814
30394
99659
32883
33362
32213
86876
82706
104068
43580
104276
97679
68417
12299
105446
42090
107200
94040
90061
35312
80596
20429
22805
37538
38349
119977
28448
90043
86349
116786
58571
25052
7767
96708
26086
63110
20384
111281
75003
59010
1023
108763
98009
92844
115233
26803
34955
107162
34832
64169
86336
61523
112337
93082
44826
44127
61248
32437
59617
73912
28239
31088
14800
51028
56705
62475
17968
18422
68200
75456
65296
32169
1464
36003
59485
89552
76292
31166
58577
33372
71751
107761
114188
2893
18510
8495
72033
58721
22062
55822
79878
71685
109114
113965
10929
51548
46411
78891
90296
113970
2750
20329
12260
72035
101187
100427
68105
60332
66729
90372
25514
88051
2807
62912
28197
28781
87141
64054
26557
19115
65224
109278
99148
41036
17114
84887
60177
87049
110894
44062
104066
78373
43039
12362
28425
19164
64615
12739
9250
53823
52548
19103
43413
29757
69310
38911
111961
57041
109444
83373
118499
43270
56822
37079
104236
17914
27416
94621
63879
108567
50376
35878
94820
85155
68838
66252
5796
109160
18956
17239
55330
112764
15872
106340
81501
115123
32148
23976
58512
6588
17869
37090
18467
74560
95187
55085
36899
53292
80206
40532
11465
68412
86062
100858
73318
37858
36381
96135
54813
76944
87970
47800
33621
61038
54561
21418
20178
49792
84581
41696
56212
87609
80168
84466
108682
76022
69645
45800
12474
47785
40999
30793
45495
73982
56696
113564
112915
56941
109901
75085
20555
114740
2589
54307
90419
15579
70119
54320
112637
113301
104787
24664
2192
25987
96736
91358
53509
51544
26266
19078
116967
70744
48205
117172
66430
9927
74654
89111
80536
49465
93103
77524
31528
48924
103598
34652
54981
73238
78996
79997
87399
33322
75363
30620
88308
60317
35009
84329
95586
22548
114828
41383
32795
76495
93782
113512
23929
51873
98036
18449
42202
49511
8168
118761
88835
49352
68187
112286
46277
43047
57467
65916
107649
101591
14950
110691
29641
24004
66581
17580
86049
114061
71612
72797
47959
112171
94864
32525
8722
82170
113384
111254
78416
38469
59166
15121
84060
67500
85398
79762
65437
14856
12538
5349
94467
41350
44942
28248
114915
118596
17638
73234
119477
68649
90408
119311
57751
1779
115852
368
117698
24253
102574
52719
61053
85262
6
27039
60131
108453
98925
42768
1923
17405
108951
104538
105195
34696
35228
114600
19422
9165
28536
63379
101978
69791
76322
78596
34645
52122
69320
98701
109035
67757
6937
95524
51559
8893
16361
98211
62493
16664
107934
20948
18581
81589
50366
9560
47980
94972
102959
46164
106706
86640
119931
112490
39325
36406
79513
94986
78033
104675
112150
116588
84803
82261
36279
94333
14364
45288
45825
70105
393
99448
84312
38580
60524
23298
46294
42635
34368
10235
42888
116475
73152
50320
86639
109090
1407
99661
88026
72643
109639
33174
24555
48795
82508
91757
103006
83700
116944
92480
80654
89707
57471
45073
16632
76119
37944
23013
93331
36468
50580
65231
1707
58833
45903
98702
104738
60713
19169
62332
28832
99993
118246
78768
25871
54668
58543
93865
52111
45487
7082
60543
61602
16252
81840
21684
119210
117978
5001
103090
23762
9632
59083
97845
94660
114568
119236
57720
12283
88596
36136
62008
3858
5578
95097
15778
54019
97868
95434
117611
38123
103680
119606
70561
106289
77797
110038
30079
45179
65531
42907
34415
72775
106414
83139
42682
30273
98526
37144
46871
77458
43610
58373
87793
5427
15668
9179
22889
34571
71238
84539
77502
102444
45360
86561
96336
38115
15735
20789
76619
61786
87872
65473
105713
119489
107485
109154
44543
2855
107666
51221
2947
93276
8910
38933
103307
21992
14785
60398
13865
100246
119152
52364
44153
50719
50087
107696
87954
46231
112974
28165
70001
113629
5752
58159
17901
80403
48905
23523
99770
68401
44028
25579
96314
45428
57103
16259
108983
102408
70192
81967
35854
75818
8917
14433
105633
17459
69097
49218
83382
41613
91443
76960
116473
1667
19309
57563
17361
92290
65487
41817
71377
34085
65450
12453
72940
95500
1642
98444
34740
104158
50753
96399
47910
111030
62334
18326
58064
10953
85362
79050
64262
33220
47619
88039
102001
13741
91715
50052
116004
18970
16593
65468
83183
10863
98324
59738
3515
38759
77197
69093
110874
89830
78987
86611
82074
57354
47239
23603
37493
50740
81677
89048
46706
26274
103570
30836
65612
50079
17044
58890
34912
90910
34674
73601
57317
111855
67109
119495
67030
83296
90367
69611
47741
76033
35704
53722
104996
111849
63223
96533
96633
30639
7127
113980
28550
6225
40694
77807
55627
4239
112262
22542
23426
20439
118526
99665
41184
74787
19406
106083
5112
14506
80590
87607
13457
85070
64094
99837
73708
33373
29211
91623
54910
55171
44630
101713
51627
52302
41417
44222
73
118368
87962
31265
81541
102825
81679
100300
86530
73073
82493
110963
96457
43908
97405
6979
17753
96755
53099
2879
4325
71758
24532
24724
20773
58827
50664
6513
5393
44618
59136
99951
13013
25342
18924
102286
70421
86833
20035
66911
26361
23166
95513
63553
4327
98269
118749
85597
63033
97712
43080
69941
75621
83187
31934
77378
52375
18407
24905
87222
19610
32921
100259
58200
76534
47052
37804
30526
77562
40730
87084
2421
105977
33383
12770
84705
31242
75227
70423
112703
106711
25011
44396
32746
25641
112729
17445
64172
39219
17813
108645
113451
91742
10618
76087
62960
102787
87715
6927
14061
32076
28053
66596
29242
99068
34486
14221
82099
2709
63636
9613
109165
45211
71453
3863
572
10338
75947
58590
13438
68768
110054
32249
98908
25438
26349
83065
84356
65480
54715
44938
14437
101575
46577
39984
112888
25396
74017
8549
84064
49198
36026
49446
86428
26376
43917
52024
106058
86308
48106
99154
104950
50040
103893
80394
101259
116738
68227
19834
1223
36225
57602
115479
43563
17637
48786
15279
36703
66877
72368
40656
93466
13729
117994
101853
91951
76905
55234
116021
79405
82756
93435
102735
92969
72748
41167
39727
2674
79039
38403
44519
21089
61945
87020
11838
2056
19366
43307
114883
108068
99170
44881
111567
64833
84932
76443
31306
43881
67410
96131
43049
64548
43065
40352
7024
102931
2184
36957
111173
104447
52054
75457
56113
109391
13086
24657
74925
74389
15788
117451
117438
78784
64599
48743
4512
20437
87986
4680
87688
17700
62716
18944
82049
6066
