55071
59791
98333
66576
45122
75214
96211
92911
104994
37259
102586
42960
8567
58129
9767
29570
96776
29347
104997
100525
78885
57087
79590
92474
74258
66441
75832
98431
206
49804
78001
70436
25452
5897
15038
91102
1901
16651
86257
33557
56718
70921
79345
51070
29206
36007
81581
94070
94814
59501
21365
64658
104159
60333
16000
2784
23094
91453
75427
77001
72789
105488
18429
8136
42110
73617
19793
103580
5410
57867
64119
112152
40737
118479
116913
112467
44866
19412
118511
84220
52470
31477
105804
87891
52176
117440
89828
9298
79795
42844
41527
26219
91001
74409
72689
102324
32909
92298
97554
28738
117691
7245
24301
97766
70550
57286
68950
22618
119802
106808
92312
14357
104259
89922
61774
73072
35989
70743
59882
59335
58849
27891
53934
101795
61299
25807
15768
17714
24711
58981
40094
90136
31964
116109
33244
56883
25938
22076
14626
32079
22009
84983
50926
52417
68045
104489
66931
29287
35330
74692
98509
98236
67550
34731
37901
60173
70856
3272
87778
18218
13099
70557
60684
119298
3059
108084
53702
21094
64951
33930
2764
43067
25540
19925
44773
38740
44775
67727
30877
76541
17168
66915
87346
3285
44512
7424
51861
17347
67585
22466
105380
106345
21681
30135
1434
105547
46694
41494
20993
109743
80113
56082
42233
88955
119034
105726
35820
37207
3395
45315
26720
75782
11807
25601
16097
3736
10662
23892
63854
23442
90815
34812
23811
73407
43419
49855
70668
29834
19425
78805
113988
93961
65529
103015
107518
76744
106010
44951
106281
4947
52327
22357
23242
70617
28818
21248
72447
19072
59562
54870
43085
33356
28038
88706
117066
21555
90030
69984
78590
75648
11370
98856
1747
46815
41566
3047
44312
