90280
5027
116847
12045
57803
14995
100733
95958
28430
95713
72204
2360
81847
32811
55884
88825
112553
31127
105957
109169
19741
15174
72007
90950
60387
24934
40344
20856
56259
23917
35755
19596
41011
11586
85063
27542
61621
65717
4213
27790
44926
79149
73023
112951
105204
97833
108895
58574
2748
56988
78650
92503
2926
56961
15887
31711
107619
91247
92650
24899
29183
12500
55392
4885
110750
13269
20079
71574
78344
43620
72502
40064
70393
73108
25145
113277
21452
89127
13604
80965
39272
37045
25163
23505
5987
38985
86805
26653
93119
105088
61728
101430
3536
28334
22304
42624
90286
78396
50328
23623
96224
19201
17773
33811
64897
78679
727
87038
99352
74912
35172
7490
27817
60879
89801
8511
79819
115560
60281
62751
105715
46394
86344
90459
118556
83268
77595
10032
99117
111935
14895
35881
100494
30718
68610
7491
61122
111196
7926
91737
47658
77984
115364
22129
26902
70941
118716
100250
48680
105054
16958
69746
48829
104163
103679
9344
1279
73667
53201
92294
73789
35470
34857
35279
27093
95801
98670
98519
52666
51446
8239
109086
105611
44133
84334
12856
62773
66495
84377
113353
12541
61833
94572
80648
46850
76688
68290
13575
42095
42733
16998
49820
103164
83413
1237
95424
85937
7269
116121
105771
24040
50189
18775
105544
115079
72957
63708
64031
82515
54597
80678
72527
31740
29060
72483
17268
74737
461
72474
44075
79538
89199
93478
61342
14610
116658
68472
53145
59696
112486
94848
81023
34670
9637
79287
79359
31753
72352
67533
33706
9543
60200
37002
67424
18562
20877
46093
88644
9042
52886
59830
37783
8413
73589
27367
41126
23175
98283
41341
14462
93759
91829
56352
28061
19794
44903
70576
116343
15015
52254
111043
8988
43172
13946
11524
104984
59247
38214
49059
58509
78919
31695
21118
78312
72346
114703
50280
64395
26247
22856
28962
12369
33598
77374
26726
639
67721
82117
100404
52957
75503
116224
6946
53139
39792
86160
40991
87886
43382
48191
77899
81280
2315
18252
76342
30655
10956
110144
47389
78121
31365
34500
50045
117939
85915
77160
105963
45169
89686
18161
47300
84226
32353
49928
38250
17564
50074
66477
8210
62157
26793
58356
4245
50746
13032
64315
11264
90052
94653
116209
31679
95457
69374
95734
55962
70802
16917
32478
92041
111384
113801
51465
93861
116478
66959
58138
80613
44511
44058
8491
110571
6039
43304
85815
56645
114052
108484
74589
99574
14301
84635
31218
96947
48305
94159
26294
44955
38586
63079
56802
16668
21544
779
28634
7806
7662
106249
60913
38858
7713
94731
58262
39478
27876
107778
25084
21601
47835
11719
39518
52635
74190
81177
110494
9992
78761
97882
80683
34183
37522
72010
61949
13743
24786
49736
45990
73752
97323
44621
36693
67046
29981
60723
93804
21883
3144
50226
117168
114128
85429
21767
104411
97409
57183
109407
115085
19568
3336
40467
109992
119005
41294
43233
24548
54116
93151
80129
29330
90269
16503
58296
59558
94505
75951
75117
73648
56726
85711
22251
20473
81115
97228
88968
42055
39398
18653
4067
33932
97042
60294
77093
116128
85235
42995
51288
72231
77291
93310
63645
49231
118067
105336
51226
57305
91510
20349
26406
115872
84424
31033
116049
72573
107673
14507
785
116367
107752
81047
86922
57456
11389
32410
57542
27155
54745
66483
97013
11205
49188
57259
15916
20363
76385
52145
54711
9666
49898
76606
73505
97248
61886
37182
88554
51534
62748
91493
58033
9998
67823
24132
85261
39910
6993
73435
104499
98323
67493
88855
73370
38636
101903
5232
30214
70686
11693
101069
92651
58425
93796
23119
116546
15700
37663
112986
107849
18669
14844
53014
6161
94016
23347
118244
89585
93515
26463
44342
17118
88758
14650
85125
39161
47897
54866
88376
73027
113070
65082
104844
23726
15005
20618
91985
9439
49206
118283
82347
46943
33171
113725
102506
28690
55338
15627
41098
13583
33067
63200
90643
48065
147
34827
107083
99869
51460
85622
107624
40076
106735
1476
60518
108969
110425
116541
98848
114528
48342
118205
44128
102386
113709
72685
54156
1092
118614
71230
21639
62442
119769
29292
89197
86264
56478
116314
118206
92618
112775
96746
67993
100293
69631
21352
112568
27296
69866
118799
3586
86807
92327
53163
118337
84779
39131
85871
87357
73269
21392
60352
82996
12116
37672
9139
90622
53423
118769
54386
97036
57990
93107
30864
67143
37227
30085
12842
79848
32281
52072
104401
86526
89189
77442
65975
64803
72192
31725
28759
117609
53097
3699
105229
78210
77388
118709
5265
89179
115984
108707
34028
103691
47111
79955
82536
84865
16877
92157
48524
109247
13731
29501
77582
44564
71543
62271
66569
113729
93224
44283
8793
27256
54118
116730
94266
111737
5917
85168
56541
46637
94764
62248
64572
1497
6404
2770
45355
3635
4651
3734
105006
102448
9770
79746
89587
100394
1910
41292
10057
23196
27771
80881
92435
14195
118649
85280
65043
9599
85026
51641
16468
52801
10948
31078
92230
61721
57753
29941
78639
90022
92156
96516
2574
53660
24422
114333
99258
56510
8921
21437
86877
17645
57903
56874
10550
101147
66913
33277
99250
66672
33319
62955
44388
92523
66515
91600
32289
94253
79951
39541
16018
43258
99915
86368
53900
102588
40970
55063
57941
20895
27362
59432
16823
11039
30995
67791
103287
108244
89397
