43748
53464
87071
97979
94966
116483
81784
113432
62144
57307
6332
57709
56837
52265
64425
17730
50021
119130
12854
104277
62976
112609
27269
97027
115301
68138
47190
36621
51546
37157
113421
111425
85727
84686
7499
56329
53341
45639
35579
111362
118358
55403
15984
63411
88698
90434
117776
6931
54522
82130
37323
59826
104757
107235
91822
61787
22216
2328
59401
10330
68087
97657
11894
79023
37644
99761
103797
60711
23742
8875
100287
43220
1154
74228
71914
95833
33761
32401
59272
109108
33820
65379
30999
52233
53365
106946
101682
118471
73434
108233
26263
93175
37433
17444
23458
22567
44357
69300
14727
103318
37789
116980
66330
5323
40915
62225
68186
40258
35314
7399
86340
8889
103905
17934
75102
22707
43344
49190
85225
12925
42771
12213
94842
35870
59875
105862
49342
47086
160
110803
27995
60435
50472
106900
113777
86182
73335
16828
96054
17630
90178
96155
59751
294
67336
41493
3780
113338
56858
74895
14728
78922
58461
108397
18512
100974
62598
33078
62415
9491
28842
50223
90661
15122
119558
80384
74840
53736
76341
68845
18019
112216
97664
14261
27872
108517
1321
75506
9552
97952
78855
110400
65574
305
88133
29018
119918
20258
48499
83839
53899
74396
111492
28703
118987
29880
80331
97330
81302
60881
20914
90258
43617
16643
79668
117483
78200
4944
61946
47893
14857
32752
16647
85389
98608
62989
107808
65244
29949
16423
70631
30316
67331
77464
96330
95729
71863
107373
85563
77588
1206
27964
54858
112025
60257
12498
1959
107768
88540
41499
99009
92136
94724
76134
24752
74513
81175
13919
119339
31444
111523
53948
30400
72349
35303
43660
106693
6515
31405
100825
75657
538
47079
19631
79763
78831
35527
67532
74602
67636
60689
67298
9755
90653
86516
25180
53994
83958
100458
109271
1704
19838
83857
65278
103362
104395
3913
28058
112285
342
45163
115070
30926
109915
88409
66414
9248
97707
117009
115092
94182
69163
31342
82793
51537
25819
116320
16726
82263
101733
51624
104778
47602
88103
16763
32929
105219
82197
99635
11204
64908
66042
87836
58875
101480
54538
31742
67486
14891
96086
53372
112242
26424
58096
107113
40755
102063
74782
3026
116609
52
37898
61785
19033
42282
98549
22626
118840
21233
23665
26719
100074
17035
118490
112868
26300
37221
70748
31506
80555
24355
116102
35681
38103
45994
51334
81667
91180
33958
1318
114871
99717
19899
104551
119111
118104
73808
56177
18928
9310
112820
23330
63567
92573
6063
6014
112798
53881
94091
42603
31642
114187
107866
94179
105605
41239
68344
34181
88357
66828
31385
10008
81165
34885
52461
59146
31537
101268
32228
73719
30680
5111
107767
54754
117955
16240
117643
56934
15850
75680
82416
10523
35048
44437
50312
104436
86722
84354
35354
111682
118548
92381
74995
74155
84052
60289
19767
35338
4429
93202
13155
70577
37021
71376
48470
55340
50012
71963
25589
25550
81820
67334
76492
51918
71387
99579
43494
76564
65976
32882
72760
18937
52788
67198
107250
92705
9606
19679
100261
46534
59917
83786
4449
92998
96194
31551
16872
72345
20520
90037
84280
37081
35138
49115
43159
30227
32445
8370
39304
72370
47706
113766
77510
7078
71931
50368
106895
75329
43183
54768
6543
23075
75611
39889
78055
2049
63848
80709
109569
25894
101806
56918
20814
2536
107406
73405
75886
93521
18410
75837
64637
65795
15235
98590
113714
10512
49766
38285
56141
46932
44865
25493
23287
100586
57698
73958
114597
89084
1395
104030
7268
67947
58135
97181
98725
98971
81575
57386
1826
115686
22528
33175
81848
55980
50101
47792
60447
105924
119292
80236
7626
8715
54362
5887
3528
114221
66234
13472
74607
20308
119859
118157
31237
8682
52013
12663
13076
84112
90185
62966
19225
111325
105101
86400
103186
88157
48380
77425
85088
31546
78634
6154
110688
52925
70609
88844
55720
17111
70527
26208
106512
77827
38094
42720
101952
84257
85904
38013
19117
81787
15718
6829
3749
98768
106980
35750
78253
18756
81826
13105
70767
49410
37163
87253
23547
69694
25449
76604
22428
1666
4568
99045
30171
25864
13620
53844
73031
5473
20086
55072
59484
82259
102265
26518
4716
13658
64887
96017
39425
112175
69787
108985
23740
49627
31092
23334
99841
11537
82837
53855
67894
71915
85577
76563
92326
8045
95267
69202
8426
38993
11636
91076
94269
115002
104409
17501
106937
87784
27141
117291
51144
70523
96297
45010
44643
25045
63518
71446
111612
91239
73598
27237
74070
22483
22322
3446
43241
13896
52016
102862
46685
89473
114169
33278
50681
10664
2525
60395
62105
36060
108743
116723
118567
40324
7743
115497
84207
90947
52847
89875
85467
81483
21994
49582
58422
62856
65653
31488
4455
90353
12977
14434
49007
16226
96305
84753
14871
63160
58882
90753
102545
42283
106368
92614
13991
53498
51398
116887
86768
78179
57086
102642
68729
47585
102178
62495
35468
18847
86121
67188
41981
37349
4212
115416
112829
98074
107593
24576
15255
45892
28553
101658
40087
25346
96193
91811
62554
111282
118059
3706
31672
26038
69523
108435
118069
113905
81954
102110
13397
86579
25539
118000
21868
45249
104128
61604
84660
111605
248
64087
61874
109124
35113
83586
26015
56004
38074
13415
93841
87863
88899
15783
36669
26654
10427
37406
77174
115432
58406
27789
95484
68815
107058
91915
36690
48604
97407
28335
9789
34279
12339
109443
5058
35247
96660
91861
99549
36929
97704
99632
66117
86581
56653
91139
96503
89284
3603
51095
57842
83550
16199
117164
59333
74929
11376
103483
34687
51767
116531
21972
59872
79451
42288
47113
80293
76302
98937
89862
2241
77840
39620
66226
23696
82121
88811
95960
59486
58518
104180
71634
93765
18479
34000
77837
97603
94351
96051
97216
5638
108488
85461
103345
70203
64354
16835
33063
21837
70198
81590
24230
12731
21558
59206
53302
45792
54651
47645
24465
107963
80291
32867
60623
52556
118742
59128
59346
42692
60907
9644
2165
12831
37453
119387
96003
48628
8286
52653
93414
13240
111981
19158
55488
66041
96317
37333
77214
69270
90970
113235
96339
68270
82464
107401
79322
17089
82790
102080
81356
94663
39394
92924
71398
96748
114738
25629
2698
72318
68337
101367
18327
29808
89691
115094
13414
113748
68418
6686
73263
55867
63693
29188
1010
7747
27221
39613
14139
29243
69307
21934
57244
98127
58279
15699
10871
27866
100433
19447
46461
62655
83435
5870
9085
103468
44579
103300
110214
38047
103009
95495
10152
23519
12087
64298
96267
61685
98218
17541
52896
106814
102781
62778
58805
112736
82988
110459
3802
69378
111305
41859
17668
76861
97018
23038
114718
78814
85987
65408
110286
93327
86865
23035
14441
103370
1581
48223
83744
49999
12492
59261
82993
80450
8984
25462
38243
18344
112515
6123
17876
87377
102064
16900
83853
81897
96682
23394
27396
46829
55557
86580
4049
26544
98922
21247
93991
9766
84555
88018
104075
101822
65859
98947
22663
65932
2896
103578
41716
36742
28134
67892
95867
75139
33398
61444
110553
79260
100054
111969
66488
78843
85153
81977
38943
70827
116052
60515
32103
111150
112172
65174
116297
91776
78268
11940
102532
75489
70738
32624
57656
69444
103526
20522
22016
2285
69982
43145
79908
100239
103446
1425
109550
91089
72946
105985
15017
8234
38576
26910
103054
70455
3907
72095
70654
24566
114713
49987
14836
50956
35006
23502
42424
71300
3015
22027
73588
64295
71675
21309
76970
66754
98672
15116
40742
91129
13751
19588
28251
114253
11700
56610
1670
77283
19696
74193
111273
24571
62931
89326
91160
86432
19489
71524
85418
62809
97514
60015
52526
107947
34925
84825
57828
108979
61231
61548
65877
72111
33204
62067
94974
63316
35865
114512
72991
32235
29627
21346
74133
40153
12918
33346
104287
51084
44536
48517
64863
95236
113184
80289
15421
95597
63650
52648
103208
110574
21702
27185
83592
34192
71527
84386
17475
87513
24349
238
86767
89339
38786
95670
75933
13944
24511
9245
48466
19409
40922
38515
74823
61146
85785
8589
104987
13213
30101
66716
69488
10209
14854
90091
18913
53643
114596
76490
16228
118719
47500
9258
66183
107348
105689
106910
20730
100862
114573
65919
67524
65861
55225
99766
73599
55244
17549
102991
48162
111701
18793
28216
38316
26989
1680
30026
47786
94503
12347
97880
28446
1301
76219
100358
116923
396
84955
36731
119515
68681
78114
72540
97365
58448
104691
105442
68595
74536
56675
62561
100620
45768
25872
80830
80750
23744
61052
78470
19938
64963
47590
42197
32967
50823
26057
51003
116027
67890
74887
65740
32201
69544
83931
43962
78706
60037
96263
26976
4364
61875
37915
56516
23891
83229
2147
79816
8411
7552
31728
71227
105663
57850
47445
41899
56857
69954
16606
9588
28900
41037
35720
94433
30482
15089
101191
29209
6933
19268
61765
67535
12896
33768
115633
83223
97186
67287
48699
13667
119821
97611
111072
67236
11395
97223
106208
67488
116040
38605
13259
96904
110578
89385
76863
58366
89979
68316
39716
90519
88643
100861
72304
42817
56468
98029
53606
116751
60664
43245
33748
66906
38534
96965
82285
1989
102585
86493
100877
82738
99377
119647
59027
27423
25481
108805
95977
111548
98802
24524
118546
13928
32755
22870
89193
42542
58381
81926
98441
35815
74085
41291
77913
28946
84500
82103
32075
56320
74204
26601
45058
27719
87939
2232
100783
86124
118724
67862
74946
116464
21733
10114
96723
63982
54416
90985
65199
46460
38743
109456
22725
81608
87047
100072
43732
69316
55438
62325
3378
80692
116600
19685
119119
106553
33011
110811
37744
39737
67540
87738
87281
110906
75665
26280
101361
14874
80172
98194
32175
5297
81119
69532
38146
31070
83493
118252
55447
30392
65464
876
43252
83663
14318
75936
23217
42148
100949
9335
24883
34516
89227
56867
94797
119689
73628
96717
23173
97010
91802
63124
16798
88466
35373
21293
61851
87867
59881
28228
118847
22052
54598
115669
1600
99759
67912
52939
15530
15427
116463
27412
71063
81792
59677
89441
57413
42005
24121
33027
59540
763
107936
37685
38574
80818
89751
87710
10471
52226
55546
28193
119253
67276
51697
7043
99689
11526
74761
109046
6185
111103
112823
108065
45478
19314
82152
109372
73665
56690
30882
11328
77685
115726
68808
65805
29034
5199
109315
99247
98593
38491
115219
25761
32899
60316
110237
101838
95742
91115
67997
60698
95505
111292
62203
92089
108713
58968
3322
116583
102502
58097
46006
39024
34776
42957
83718
26765
75253
37075
67100
83085
57468
39224
22420
69824
12615
33085
105429
71892
34211
93243
29599
14611
74714
103120
78341
104076
34769
86846
42039
98901
119680
119451
40084
69722
95208
53100
94205
115753
16424
30831
29092
70828
70710
48180
24694
9705
29676
19598
5973
451
46508
20247
101637
24029
24931
77307
78967
33494
45051
71888
1304
75385
6431
2449
85836
4525
62970
66571
112250
61131
8429
90586
27947
77836
47620
61772
106854
63741
89696
104232
36298
55469
61988
69948
64778
12131
102219
114195
113575
94318
6702
8541
103261
21989
34929
111607
73726
84388
71216
20928
15178
85378
43688
2361
10464
68921
7870
39054
98173
34352
109814
97874
83765
23621
8570
72908
34370
36673
66086
110956
25517
21415
23134
70278
26957
40611
106530
5807
68957
21349
12262
12110
83981
117248
1277
24580
48896
63610
82307
71134
49968
20394
17428
31305
31384
111350
56634
6368
30277
105573
6296
48860
12999
98231
37870
68951
382
50417
3782
46071
89671
21008
59672
19527
62943
32942
92005
78244
57425
84765
97001
98375
31999
3452
82529
14004
73253
18738
52166
12281
47399
48884
37322
96498
49137
14878
32991
43975
77698
96264
20669
34844
6300
52295
42739
13531
21955
1830
65965
13756
106981
37307
4104
15344
64189
67234
79658
2746
3624
94311
81596
39874
21580
40085
26791
6771
106185
22265
24824
53170
40228
72410
25076
44468
88874
17880
17585
44647
72556
89719
88705
14283
45920
23508
52633
99947
45864
71435
46259
99399
73215
82688
20130
173
30921
16613
94461
100801
70154
98197
65762
18914
72067
71348
18826
32568
60878
4701
105351
48706
50228
50998
107796
75713
93607
43687
114429
55154
21832
63561
27994
110464
51357
74235
115289
98927
54237
72244
83893
102372
8444
87471
50383
55873
74286
39998
98875
100148
26255
21384
73889
85930
102264
108774
57692
102953
90426
22088
5574
21976
56763
106868
33122
103661
79627
13836
102950
31918
12729
90992
116756
75222
1079
101486
89917
107087
54943
89568
117233
50970
100191
108725
29802
2907
6364
8049
22974
31015
18371
92598
68064
65868
54862
90680
35988
107560
59642
59315
103794
14997
49950
79666
116945
2157
7631
3778
70797
75149
83284
62450
71207
94323
50124
41500
89593
91346
84375
40423
50538
13279
337
92900
40791
50248
101058
32630
104301
6960
28608
80277
3732
4287
35873
107234
68919
4999
23218
43553
115934
103284
25224
20128
33641
88198
104921
70026
116328
118446
115604
63627
15454
114801
73357
111378
62233
91428
67722
45528
63482
118476
90882
54948
81502
72266
96118
40861
93981
76722
17812
60644
73270
11018
41438
33896
72496
62620
5235
17393
1027
73876
69968
40371
18792
101698
19013
15260
68114
8758
99686
108683
99251
52074
39073
31954
12810
116290
41910
30697
31807
92657
47078
17346
8381
75442
62532
4273
82873
35603
22060
933
76309
46382
80793
47531
108638
25600
82596
83969
57725
10834
85277
70387
83910
5765
44620
6005
10203
92178
102810
118414
100996
20442
92026
2830
85483
114370
50806
55757
51909
86434
2334
91748
113406
10386
56531
116529
110812
50903
69331
51196
13030
50422
40949
1898
97142
1569
43485
38747
71272
58967
4799
31610
43524
18903
15597
22279
25647
115644
69000
35680
96466
96851
6889
7994
15249
45008
67041
49838
81719
106049
78438
94994
10826
9329
1106
17591
18807
92593
1244
83337
93061
44092
5412
104006
20447
93725
63451
46338
106700
57356
10227
5326
43745
11337
62661
105064
59813
112397
61482
46385
114257
4831
34822
19501
61326
103154
20547
115052
53481
78799
52593
98863
