80345
100410
80257
56922
116409
69399
46954
95666
43364
76294
67826
61701
15969
57729
4883
107457
131
69811
58774
116645
32558
47364
9328
103585
4887
40346
77026
31430
101786
49241
70164
61775
50513
98518
29052
107836
85695
90580
68178
86390
104564
36401
55129
40185
117404
100241
6715
39606
5664
74514
45831
27731
90993
14398
106768
53429
51225
63868
59408
103892
94165
119204
60538
109788
90357
9325
69677
5322
97941
95372
26812
96515
73513
87916
7583
93561
50905
100112
90792
107190
57201
53672
80342
14001
102973
40002
96119
86240
92683
104995
99432
85828
17438
28294
15878
23446
45412
110511
57797
110173
38962
57711
45207
35767
105952
12776
43836
101522
17739
32413
3043
117539
117649
65027
70563
118838
97112
14651
48032
32597
98675
59115
19602
59185
38370
108807
45541
18679
26731
118166
38465
42529
39690
44294
27043
75295
90321
98729
15520
12929
99479
92640
61459
50533
97982
13611
99287
112311
89150
108620
76898
107893
4257
20305
59152
110700
60292
51033
12334
81124
58927
79028
68113
43103
45917
36462
90558
5972
1935
104487
2731
41429
88000
40668
35070
47238
98424
18717
79511
72857
91307
112385
38180
56756
104990
75177
68719
61750
105852
75976
72646
116389
43812
88431
48046
50834
101898
68910
41638
62731
79155
24170
49022
53181
71006
111328
75317
47704
90522
16340
79378
8789
35944
34999
67954
84627
15418
42279
87866
15728
60058
47422
44986
13895
24483
77908
38017
90053
95388
60328
84299
103634
96318
61222
48977
50804
11744
81157
100939
20075
45783
105127
69609
72529
38007
83833
113660
77287
59145
89556
14420
64464
71144
4481
118346
83141
3912
96545
84020
114863
93526
106205
52394
101225
64527
107494
96189
21927
29689
18974
63522
14638
68722
12135
66473
79713
85272
73587
48825
2598
52661
60361
41780
47441
14078
112146
58299
114569
64616
73879
108609
95752
108585
92120
76039
117856
58274
107544
111929
47154
2460
37351
17254
19703
105389
57791
89944
67267
57058
67146
26379
47815
99830
10397
116842
41587
59769
105630
15387
53550
39314
14039
10279
84991
26521
53613
26286
59913
112096
38194
68883
75576
22355
7930
31332
588
14969
110546
52251
115158
95323
50110
15547
75543
118825
51497
61185
109682
93481
40086
93166
106651
78507
59541
58224
17292
112734
71468
44152
106126
27471
4488
112045
117709
90189
81199
75705
60918
93776
82878
41275
118423
38680
107237
4373
41416
53270
60210
46622
12801
72750
83523
93491
1974
78032
24234
17470
13063
79166
8861
80885
30517
1359
90637
32206
72153
47853
115520
26692
42028
99091
40233
4538
107981
38222
605
21818
89204
57573
107989
24873
87586
66095
30250
79505
14159
16555
12279
27830
107424
50217
36442
36771
51564
96936
23076
57377
18460
111670
45555
73613
111620
24255
41511
65432
5603
52246
45635
12086
82355
71971
109848
2552
90624
16004
111749
118626
6502
119651
43225
113283
35145
98118
109719
92545
46817
64823
48713
87352
39715
87527
81438
111029
68392
118857
37165
86031
69393
95825
108847
3051
82301
19385
21284
29103
48379
106142
42649
25617
875
73534
51560
74223
116534
20094
112162
76040
84938
71660
92030
82725
19147
42350
10128
7962
44556
29630
66287
5700
52266
10643
955
36928
4140
53305
88150
73803
25953
33966
101597
62002
52738
106753
61160
5049
14918
49781
35087
19435
78385
83228
65956
25955
31282
45900
65822
81208
20820
28170
116520
80245
3729
48081
8642
2884
21823
93127
26823
49808
47642
1307
53060
54012
42617
104002
117593
105929
70229
117265
21537
39947
52988
86440
88159
21221
66885
101966
64303
91500
33256
50695
21875
78726
60874
75199
944
90517
14384
7980
109222
40068
68081
107884
72885
63027
13978
76692
26841
73299
22851
36082
17032
25115
65971
31591
18076
55365
37505
5458
118367
113509
63626
65925
14686
104760
23088
114356
39437
24726
103787
3898
41307
39900
106620
46143
15931
18905
86452
81917
83847
94732
11606
12607
78481
81659
89884
105763
65843
96694
51778
9970
90967
82001
99156
113973
66933
79719
74431
5621
15048
83010
45444
99279
116272
99816
13365
56415
72574
83326
64938
27797
110658
43216
21527
69592
48465
70917
45219
38526
64401
116133
53244
41562
62014
97055
59637
150
29818
13812
85724
20963
13712
57779
63072
60979
31580
90885
97696
73486
119933
106314
55235
18222
10496
67112
62324
19678
107321
71810
13199
2223
71856
101431
82680
82137
86363
90345
80142
17778
34473
18480
70456
52672
66893
3448
64954
34729
77207
48138
82853
88884
18221
84470
24746
97191
226
27240
96489
45359
88138
18086
8091
139
110432
91267
41660
66594
78214
82475
100815
100384
587
58740
46672
43250
99957
56309
22408
31291
92122
36456
83992
58290
66222
74136
102030
24176
72798
17817
19757
6682
107206
29637
117302
12353
9469
75747
64520
11040
106027
13600
13999
92400
14369
116935
66359
106834
66650
74366
93029
85260
66741
85275
52740
54452
5840
107148
2940
78879
2627
94559
78229
51294
2142
32371
92866
15684
97437
49658
76892
77979
68490
103024
66684
83273
26364
25034
64210
31327
57579
18093
112142
99679
98651
23476
109075
103543
75404
113606
23398
88224
109935
95475
77404
5841
46320
45147
24219
5641
96749
66969
112291
93489
115204
5991
42253
21
4998
38278
91132
66266
34274
118817
42324
37237
113431
105918
60035
100367
82540
10010
30548
36743
21969
61998
70106
43422
52205
88023
9681
90002
50915
38355
112000
105216
112651
24104
98641
109696
117684
25694
5935
71920
57578
85190
31698
67050
37149
73794
11313
81089
25235
4957
83750
88738
61023
90513
82082
405
95215
28414
27549
8078
103603
60084
6012
110183
95241
21910
30320
95751
938
114924
7431
91959
99108
19958
51708
35451
77457
86161
75545
73279
24918
14688
12847
12697
60030
64323
48682
19043
77243
8825
96370
42255
116444
96402
60632
73398
76581
74268
11354
20803
61688
35313
42915
30110
17097
70204
13693
88011
9726
48686
97154
13757
41743
45623
41134
18137
59058
48862
69487
116246
78173
50808
44239
107308
13118
56753
86393
14825
44883
118685
94322
94950
18593
68784
926
50067
44370
97353
115180
42217
11518
104139
94512
51432
101936
71341
71477
44820
34746
47241
66999
2408
6430
6062
49555
73479
73721
36761
105226
18328
91620
35805
89768
73585
57209
115864
96525
88796
1971
101488
71454
59947
53751
48861
109824
73933
94930
87520
74230
109269
80627
109763
116372
36646
17945
91348
114444
76348
88837
91625
52689
390
98928
68068
114294
7096
30151
99952
253
2946
93239
40827
89866
73297
19589
94680
112001
103199
74506
15792
79756
78663
891
36411
11043
91125
97986
14335
51882
66215
109721
58226
111365
8580
35761
105330
4159
20572
77540
83848
70800
89598
59320
66798
18680
58505
77340
55735
9134
31485
86404
26096
89666
49924
6156
58264
83533
19622
19809
29912
46391
41974
33947
105801
43123
37708
11504
97773
93369
5650
21506
83954
11422
118077
41616
47942
63570
48131
79563
98534
76023
100286
18749
91354
100178
12959
98642
44032
107586
77505
2814
31114
2434
8346
21466
83596
45141
15902
111842
48681
41850
41113
26535
105939
54665
15600
91047
9069
8362
17179
56058
17083
23456
45059
111238
104784
58594
76135
23509
55788
39585
18186
5106
52998
110625
33884
106462
91317
116377
15565
111274
6910
119507
19204
28877
55114
4415
92443
53475
47252
112046
96789
89222
43458
24135
56548
88587
33112
5982
83760
14180
9945
60000
25795
110053
107127
116159
49527
90399
14118
27588
101420
119585
44789
80461
8612
99708
83303
56527
88719
50329
21665
95602
91585
110268
60003
45815
23593
88179
667
21277
114406
23065
85802
70117
74096
91892
101848
117025
69834
109416
10540
113111
40829
66753
32615
86765
77494
55848
34033
41170
3358
55576
101309
91913
72382
31374
29278
87661
54179
89621
81458
26490
76558
93169
1078
25202
95158
41877
45692
39209
83814
33856
21827
32881
78960
76076
11414
63664
66442
24991
2980
79112
93798
105856
63625
42118
37885
28481
103
57142
11658
108711
68175
61387
50143
16375
97147
88461
111359
6517
102385
67292
88660
63256
46408
78866
50179
94494
52951
6101
63612
51833
69928
98551
8294
112533
27068
72878
51529
48203
27503
36010
5303
87223
18483
24506
99486
107969
30777
48159
51738
71936
81697
84667
69347
25712
66702
78850
40005
21449
11666
43125
75121
3916
63916
69549
73872
84304
74844
38553
100756
13817
6339
18743
72038
98809
34056
98191
48312
69474
2759
40466
4378
96931
12733
36539
70954
42027
84151
48761
67069
26340
43040
75367
28912
13371
95987
79066
53190
47639
29649
63416
118528
12813
99825
69072
24677
109376
96421
85218
104504
43118
7101
98615
105144
8106
10304
37544
63853
91875
15422
39596
58060
73830
26095
81409
28843
53699
38655
85738
20849
82955
43122
117549
109186
80061
109746
37140
59028
65010
12682
94689
77468
90291
48341
32121
61028
25196
23141
55291
42075
108883
101084
22208
47711
67675
52353
110245
54305
3101
112372
105947
70636
50463
79390
107537
4065
16954
118947
109442
116771
119482
36395
97346
67184
64886
89581
35554
64567
100452
61367
81218
117899
31514
97626
18033
26894
21215
55542
118621
32705
50480
55264
62583
65376
611
12350
41745
53846
62854
74452
109177
71676
63111
63897
48088
32357
54857
23616
56714
98226
40965
102241
33116
101747
68659
58359
102376
31951
65507
919
84613
57144
32613
102336
71894
64368
14584
119697
119079
107074
48145
80839
42187
60206
54000
29485
55825
105928
98062
61556
102918
91788
71842
17298
36851
117967
82889
18138
22350
119159
83262
106470
22556
61627
113974
75057
101784
71455
18370
91342
48610
24045
45866
38791
102148
103907
45652
52287
2724
24155
108850
112772
106750
43675
14356
97106
79683
97438
44386
7785
20020
8947
15702
28530
14051
21416
29414
21894
14460
87206
5943
77943
55517
28034
80369
96005
64975
112707
95947
32634
80686
91955
37624
91836
70535
78875
59834
93299
1539
30798
108389
113325
69255
104608
91577
36467
88063
43016
16074
17182
108211
98360
18755
63596
3806
115415
38965
30403
30126
5568
33588
105850
19052
8424
105350
110240
67551
79596
113948
5528
63181
3649
82318
57598
75332
2245
15206
108223
73391
988
74804
1927
70597
46012
73909
61618
4360
41281
16649
2518
116250
65799
40605
109670
85753
29058
23583
78017
24009
62697
73277
119039
114049
25603
99040
2197
67749
117548
29604
40527
95512
88970
103684
103734
51330
115700
78245
85701
90940
80191
37583
31122
58484
109865
81178
20606
110254
25323
10567
38775
83708
36175
60477
113380
55126
45683
118841
116903
11406
80621
49773
20198
11106
36475
392
66538
45394
59862
32368
86126
110188
29593
109798
989
40700
20864
85540
100407
50116
42685
23485
43588
104916
34411
19847
58905
3123
19170
29273
25577
75413
61135
39770
37425
46824
4905
91061
68773
109398
74076
100267
29498
117990
11728
45603
89728
10103
69585
118547
20598
103110
17662
34724
89283
109402
35091
104141
10277
72650
81554
19293
37692
55603
84538
112054
11897
101869
6203
79152
29505
86962
46760
81645
110131
119678
4660
93135
51952
55033
117386
35770
43417
22260
91753
67966
16067
69388
16977
80082
18627
79618
63474
66698
110346
39594
33700
15564
45091
107490
28648
93454
27440
13224
84551
113536
76967
49098
4882
72847
26525
111870
96917
62957
16895
94720
32794
103049
12651
66766
36320
108656
69651
81894
54554
31810
4897
90381
43592
52862
52787
119322
106350
65802
41584
34012
98983
106093
88197
36982
15753
59046
108330
54445
19383
61763
105968
59167
66757
34324
53849
105743
88306
69052
113673
67609
62269
105886
99732
79671
10257
58123
26616
80938
99163
104944
67988
17440
57089
102046
41978
106384
9363
28420
65214
76826
19694
102919
99889
32676
19107
17259
83021
6804
76590
96386
13848
35886
18845
38302
32319
43608
113732
117552
60347
37668
73046
115230
47939
3266
27990
71386
110060
39556
34679
62259
45261
52090
47713
34504
21420
54751
86038
92074
108186
55132
114469
99133
22797
39399
96568
46677
9946
66896
30212
36438
57920
89450
77096
54902
93237
119285
34683
48521
40649
85674
14572
98709
78269
112384
79558
29397
67870
21067
109674
18142
28321
118270
41143
18257
6685
74176
6553
27693
74747
109413
92430
16770
11421
36867
9184
94813
45960
3318
90464
51553
99424
76422
4436
63941
97668
61220
38615
63476
49195
63137
11380
104151
20036
6851
102684
52858
3669
51550
100270
8659
112222
52533
108758
39735
52706
61183
27015
13738
5373
46803
117622
84947
42694
42614
14930
86898
90693
81095
44169
16708
73084
82114
13613
56072
33061
76181
86389
3372
115363
97265
98311
44329
14048
45813
52419
101912
116915
25446
101341
98979
13338
30235
89755
84927
54603
32333
31926
52713
37184
98882
35618
114501
60444
58388
72568
101517
88953
83826
108731
30445
9170
62769
5234
57539
54044
117307
112391
61362
106216
73906
83769
111971
1165
72299
67592
48115
68480
44044
44275
86323
84002
18421
99122
45826
109996
31251
105018
38937
116094
11154
45421
93724
17376
79831
35055
9231
102736
96551
39464
100235
675
99320
97499
43347
32612
12811
40515
93750
83851
19516
109655
36034
105941
49058
51788
29339
34552
26399
102052
107334
72030
32934
19375
16279
21813
54706
69724
36740
3926
55669
102242
100035
9341
24423
60656
48390
83411
66998
923
65290
65423
157
111997
13400
24131
42581
4129
46540
81423
29123
24163
1220
29685
102018
94711
96790
45928
111603
27729
103903
55773
30935
82292
69344
79637
36579
99914
32656
89309
22292
98371
35711
95534
26892
80817
108114
54190
102869
82480
43373
114722
14861
49445
44457
98157
34133
44320
4524
90273
59795
98354
100341
93379
83604
35777
20847
54979
44305
12883
70281
113257
71415
55619
118304
79764
34158
90338
63954
105830
117147
32082
17803
109993
52849
60903
16177
59627
48591
110859
6374
52844
118365
19979
75104
14820
73668
21519
117405
32988
7829
32147
43578
55566
48043
106240
24109
101017
99804
102079
112537
101555
8060
69689
81623
83614
42956
89187
91190
90163
32748
103718
11674
110276
44136
92734
74598
60688
1653
88591
35773
95507
89196
22532
61442
18424
77506
36210
117623
65176
38631
23105
90230
20249
75922
33143
103021
38183
4278
101927
101244
74591
5989
38968
40588
9306
61284
103909
88113
118329
29603
69815
22056
86395
61817
49186
77801
46199
20054
17540
111542
44625
80368
18577
107547
110041
62223
44186
34244
85024
4703
56547
31152
90851
40213
58528
116991
60982
44131
28899
55382
34198
54360
104998
75861
73115
102717
113962
114637
109700
254
28741
843
21484
9964
67231
1913
10053
69478
53768
100060
16440
2281
74000
31922
6281
106637
6272
17656
35817
95743
17704
16137
63036
78962
87191
116257
47661
31659
35101
75508
34721
12194
80432
87254
54918
59436
7816
74966
34835
102425
66537
4274
117759
53549
48644
16353
4902
73848
85154
115000
104215
98847
36913
26625
84857
109970
77712
21279
53585
105181
54187
55422
86303
97275
17406
72578
29977
101593
74667
111141
84832
109494
108520
109872
100778
9642
94793
103295
41865
3389
63328
107459
103112
37362
62426
110226
92200
99361
38263
2553
11131
53761
107400
28220
5837
68005
117161
49073
79870
7920
107589
62720
61916
59787
20794
117292
94506
27843
73481
13095
85689
54553
118968
103711
73105
112348
106603
12289
63704
66394
84343
15476
35927
99176
79295
23136
80718
15603
49528
112817
2777
49213
98001
48566
115996
80140
57062
35368
118942
7159
95095
64639
10415
105213
64140
102706
105564
88585
27625
60938
89547
76855
3768
15679
24550
112306
33166
6593
19803
106473
11720
115163
34848
3970
74079
57226
69712
14254
3215
74029
86293
114582
114732
41489
4764
67677
81834
47801
61483
48684
40523
8799
21143
53729
20230
16783
60238
19821
105022
74670
102333
93496
51260
107335
58414
54402
68554
44668
103750
100797
46057
82899
119533
78395
100987
62185
103463
15500
65236
69446
26510
30555
81857
28627
119911
20364
8956
87528
91483
105937
23036
99997
73139
93036
74780
27122
58481
6246
98188
113917
52775
110717
7358
9361
59314
63229
107835
56214
94463
110256
89681
47914
57706
16550
7084
69726
25632
69799
40271
26287
89655
78220
72566
23465
104121
57575
69606
3730
17465
9871
73678
48367
107872
21809
98818
17600
42498
118245
46609
53642
106622
991
118460
98296
115876
38068
9581
72179
2634
99524
51750
83818
104257
38608
31961
28473
118594
118735
54171
67883
14977
26873
42276
55551
5646
26885
64186
118827
55455
33151
106437
1943
7330
83430
83040
20005
83661
117170
92621
22201
110013
89820
69530
21866
84820
1748
59874
22665
51263
1418
63418
43652
26741
109507
104456
103853
65834
70874
80462
112141
70976
84013
107542
27621
64427
14805
96347
15570
6669
108632
25172
82701
58456
88382
60883
67576
64519
105003
43936
108179
34900
27799
12769
96324
107622
64936
48958
6615
55404
33207
54613
19486
95882
15492
53059
84878
28435
15166
108934
23605
12897
74722
221
63932
82926
29195
53258
92330
71620
63362
100625
97658
5772
80993
6490
61061
2632
50044
101939
28230
59125
71534
106031
110793
53340
55998
101515
68125
41129
103141
111517
10746
50759
71529
106501
44848
91703
38918
8435
87606
30359
74394
94161
53918
37271
7105
57805
37248
56367
44479
35990
91350
93571
54206
118467
12882
64492
19490
84352
36423
73242
17269
48177
40121
8404
33564
30237
30814
51691
13595
102036
110075
96152
37178
90604
53928
110334
106056
100614
21995
25178
103709
48324
102686
13688
38788
35437
8371
61828
93820
113469
105799
90015
15780
4383
52472
110335
83540
2934
111996
111953
16381
111438
18922
35063
15707
9906
111904
110095
21538
97987
26236
103854
88194
2041
46267
50207
6597
50396
110112
16133
75530
7880
99190
63721
63905
100273
108442
60937
107170
58753
97217
42922
52121
72923
103394
41006
76583
42760
68511
69466
87183
46212
72309
17113
61950
95640
94181
66634
83982
53522
49768
21851
56274
20181
48337
22672
34893
106539
113382
63381
49367
119171
110189
4857
39136
28479
32374
54564
23468
92519
10159
18170
54041
21124
113031
21422
34182
5117
29469
14380
102801
15843
23180
30597
14262
91045
3821
8882
39824
27601
75761
55782
107874
75078
96327
110094
86679
33687
42057
85994
100244
10490
99807
30225
95436
52671
119757
54999
119834
63698
45330
97492
103604
60579
61159
70124
2639
43839
2407
54852
85133
116922
27713
98138
8470
99736
111624
15069
24500
40990
84033
74671
90852
64709
106259
22878
66426
68234
5552
62982
106695
53758
97782
74805
65532
118650
116076
9668
103936
52116
118690
117763
27686
75411
47397
60904
92143
58210
60149
75867
70342
4425
101279
58054
14588
16400
59001
32897
26466
85512
3361
9208
115617
92511
100990
85035
39057
62447
50595
43491
51530
47646
114056
1616
95565
1402
6235
69384
71644
51686
106008
15061
98054
57908
16358
78330
53187
45736
109545
116190
98217
109929
84475
38903
96117
364
54667
49480
72060
9706
103692
19339
117466
62730
57518
85981
40221
20142
45643
