35743
30144
70681
20568
99616
95204
114795
32227
82436
18454
81770
66829
106453
30872
19843
93836
69055
66516
74269
53107
115770
114193
59659
19420
34585
117337
97097
111074
72233
32892
85053
118960
77994
74175
104007
110769
85926
31678
45458
2945
62526
73643
41553
77850
98200
31710
59821
30512
5562
8333
88400
46396
48019
52427
15140
54238
41870
56103
31089
14579
19507
12878
24114
37412
67549
104425
66448
49256
41435
46784
16771
16028
37676
51569
62502
57611
66362
101775
46507
41797
48513
53698
118268
41726
42890
38535
48943
18650
107640
23441
75509
4734
104667
8219
88014
20455
22859
50237
118102
56024
52636
23028
29265
119530
4749
93348
31917
103086
53458
82695
73005
56577
65801
41215
106997
36622
119249
43254
86784
32052
12105
12265
113754
112577
5539
98955
69891
99619
113210
55807
32684
76211
4595
35747
108313
14270
107902
89039
325
100917
116883
108365
32686
27470
39738
89364
15352
84474
24907
91191
33546
47688
91286
7267
109105
101050
10136
6388
10659
44605
74553
104812
78890
82095
22673
28578
32579
50118
14755
33608
113736
80795
4384
35510
1477
92648
86407
90834
20562
9549
111128
75466
45304
38724
18677
103583
671
100401
95921
42568
97570
117299
58389
14359
18490
91643
98506
47330
48269
50671
72673
12791
46069
698
48841
26475
32001
58369
41540
100359
109332
67552
99958
37048
84679
70644
16312
15082
114780
114767
60787
109006
7299
46823
51451
78994
42868
36214
94942
38399
14524
101707
117831
41223
90510
86020
111215
23412
116535
43267
10120
88021
92865
102170
18243
104684
105312
51363
104110
23054
26276
25379
48938
112969
43795
119012
63367
61779
20619
90809
23525
96739
95846
114471
33726
18072
102485
73003
14166
104086
78739
6353
108038
30715
16513
115454
93894
59310
118233
22933
47261
61859
20656
30913
78876
109994
30230
1623
51597
25750
110263
21192
36590
36290
65715
40581
83292
48871
18250
108605
23513
72055
50866
24295
1671
84521
64946
107508
116769
118665
17415
56003
12937
39164
28274
7809
86599
102923
43432
37077
41381
25109
101148
100995
67494
56932
55514
3439
100376
22452
100207
22043
96145
80522
51889
47498
83361
71548
88710
52927
37733
89857
93001
91854
41247
85967
100771
116595
86213
104905
80862
74408
96166
84676
1007
50568
71069
24835
102749
30728
73092
30849
95936
54430
85075
107209
29072
7366
67502
91876
71025
111651
78881
60045
72851
102558
41022
99003
100504
51365
103876
