31613
99516
21848
18378
91444
37194
96546
22266
75202
35125
71651
62565
7036
85693
59988
46367
22051
73956
35395
101345
48785
97361
5392
69216
33689
190
86466
16628
98418
55718
23997
70757
24386
81975
37762
96467
8773
11424
20810
105692
38169
75074
51710
43560
89597
119319
102832
63018
99970
66029
25522
60323
57868
87017
44331
60525
25213
28139
33645
76854
111293
70053
96940
2356
38498
54197
103289
107730
44208
16022
50164
2430
28932
90071
10912
96157
100736
77483
102412
30013
1572
93887
88223
425
109472
80372
95261
96903
42449
106420
23846
19635
18292
51286
49651
1287
28988
36237
62516
55967
84420
102542
100189
2883
98100
18297
22742
74610
9119
57643
88729
43433
27262
2436
105261
110301
38778
51843
63436
49735
109561
101369
2744
64542
8522
69211
51584
18785
77707
43606
110939
38274
52212
62990
112438
1378
35123
29216
82418
25903
118341
113775
46058
57135
99849
72229
33051
34523
72283
98058
95974
113342
98033
76530
58067
6888
807
32638
38452
24001
24509
105268
6480
4562
57859
109908
46464
91790
31053
83554
61188
17514
30991
23559
111171
21890
60774
103998
92851
75158
29597
112799
23348
113318
22521
60668
112488
83588
33893
70939
15186
112567
99969
110890
55994
28356
109574
105497
103586
114864
57853
109516
29717
10760
111756
23457
85223
79950
22457
4692
54851
31536
11294
35709
59998
42432
85527
48405
95396
79108
32276
27166
16492
28909
4202
28516
68785
62047
85620
96298
68543
53526
39862
15099
24215
111809
51781
63374
12066
21653
84184
51488
105593
42934
564
1373
3496
115683
84515
87054
72367
9130
30090
44809
61184
18034
91856
55888
46219
26472
72835
32326
57085
32904
111444
58249
47403
108941
105930
82027
110431
13507
102553
90503
87966
42698
15604
101029
49016
43883
98985
88281
99706
93235
29916
93791
49916
94358
10566
111055
6547
29598
40420
111192
105445
13300
86193
77470
82113
26448
57233
16738
6528
89325
1915
63531
99687
77726
60718
90238
93106
59818
17800
29730
2426
89011
1560
99323
90132
15929
100338
118652
97778
8885
3473
38672
89925
49479
102109
67568
79620
34009
35104
74154
53294
95559
39859
111177
49407
39047
13171
57795
24508
119396
56560
26966
34607
30131
99917
70480
76028
59610
100110
62176
76
88368
111396
110381
31809
71705
9401
117550
111357
11558
90951
30701
76767
108161
91454
25638
51138
106220
98241
36605
28826
56836
23686
20926
100885
85859
64627
36719
18778
65522
92150
73950
57882
28032
118182
60
10892
46289
88537
75893
95688
19706
62576
39570
21852
5436
53511
109713
66895
86094
41084
115383
