64386
100942
79271
6645
50338
67567
94635
41672
47729
82733
88861
97066
58278
42882
104237
1256
68383
102895
66420
96433
119488
11458
81362
71314
3841
10578
93032
6852
95242
27845
45442
6916
27241
118731
86976
115609
79197
81344
19846
29858
84839
64866
101171
112931
106917
39896
14370
117200
119071
102566
30307
104343
56978
106958
47374
28014
16500
93602
71157
87857
44358
83706
10312
21105
61461
104591
87946
85457
103823
59633
88237
105223
37796
67181
119621
59675
58667
118191
69437
110123
23454
7114
97713
50774
27595
83402
18301
86065
90360
85059
56231
35541
8064
101064
60513
87832
117600
112968
92789
118562
49124
25658
41104
62669
21925
7608
31160
43488
95775
18433
39679
35822
25349
60957
66461
71072
103531
28028
63005
59069
83656
48799
55945
12639
6299
91303
37342
39954
27519
24323
107133
93584
73968
49350
10291
8448
46097
91164
82271
27349
69293
25193
98662
12787
57010
28298
82213
24129
105560
81312
100488
49911
116766
40144
92968
54946
39521
99565
69575
19074
112132
83091
15211
8332
101497
18273
39636
113572
61870
86433
119081
43997
103327
86178
58809
17133
94417
100508
117186
117750
74276
8932
31781
64283
96032
47753
62673
111962
32407
3098
32022
86327
26395
114106
63929
31409
104036
71605
64879
80269
88334
36304
38609
99175
68637
80224
63192
61735
6683
51687
65525
5454
95496
67312
13606
20018
4371
95273
99498
60757
23915
15725
42796
91243
99611
73421
93398
1545
108014
110509
95486
89082
73980
23779
103058
94670
15411
105362
30740
40263
49401
62483
19729
32877
80921
33584
71301
54313
10815
80769
37089
34491
17416
57637
12855
108320
72904
106634
5451
65820
61837
85645
64906
36696
80507
105076
71383
79803
77976
98279
45758
47028
70267
6473
11953
104136
85102
61176
76699
40059
11426
30125
110732
4895
111509
71395
102325
65039
97172
85969
115841
56877
69855
94767
56482
28391
47390
90478
75894
106174
82339
52056
16656
82826
33738
30238
72381
97706
101094
116058
38796
100281
5667
95035
44850
8288
17927
13668
42254
4707
109544
33901
60967
91182
93527
60887
7716
30651
43311
15827
29610
33202
13997
93994
93122
18173
91647
56526
170
90701
80831
56598
911
44164
62637
32776
5380
82141
93805
77436
26897
59072
65405
102222
32743
46198
109424
55768
23964
13560
73715
9528
104056
63314
69830
107358
31988
18177
66272
2181
106713
39891
92716
43554
1799
117787
99054
33247
90400
48904
60399
64497
18881
87546
3045
46593
89417
13422
50502
8762
8116
86235
65882
40303
74156
117910
95792
110348
89619
71215
17511
116181
70735
73302
46271
74236
96353
11601
45664
91855
75192
35899
8919
73887
62446
115592
8162
39815
55011
32209
29607
53795
49469
85776
41274
27839
43497
36611
84858
5985
99734
46479
38845
111389
112785
117423
1956
117338
68512
17733
39225
798
110058
31431
18341
78669
55861
93885
52066
14554
54290
7318
28255
38148
5579
47722
65434
51639
37286
30271
106366
77921
36530
49949
54196
94908
87261
33422
55251
39520
67635
78013
71745
80753
91394
103724
4034
113793
52503
49119
119250
49548
37284
89245
