47482
110944
14987
54475
3973
50386
39831
16955
112464
62133
83797
48984
114229
28041
33003
8828
43909
67554
27295
31103
49973
108586
84497
85706
70485
9688
23850
74852
86798
3275
4659
21629
52682
98245
559
70205
110689
25448
119692
72772
39087
38356
35864
78336
117478
93124
50773
25620
62060
114928
357
114125
3376
54382
27195
91488
10488
44987
99277
93518
60010
18610
11263
94140
111992
71008
38710
14585
53536
13245
95402
53975
36079
65963
113219
11062
55174
77135
25645
71491
70175
115328
108878
93813
114147
15691
17872
106423
6413
90311
77504
750
91576
26421
58000
45333
100419
108246
111443
108193
75821
77784
87150
46188
104053
96342
11097
3328
19419
85990
29671
30388
58100
54248
118518
21672
5914
56327
13821
93027
42125
119174
30439
29931
9641
74380
52475
63840
77866
15698
71806
108851
46416
36862
57714
63793
37704
36958
90292
24144
71039
99079
38915
32105
54091
116612
11400
3086
94082
28343
42429
28344
15548
55806
108153
76382
26256
30387
54431
88417
38430
1872
113083
64417
95049
74577
44015
115974
104614
48813
38200
24976
116009
63282
1242
11283
55088
29078
111535
87722
98387
66103
14860
49986
117949
118228
20045
29845
88890
64348
30904
23981
95835
70650
39435
80333
54672
20621
80221
13520
100398
89924
39615
47424
13711
43947
117951
119623
29263
97656
21645
56471
42438
37684
85162
45600
33243
2593
69053
102899
46799
93871
96675
27176
19571
16215
80207
112489
92697
110152
95044
49317
64751
1257
47042
90104
80443
57571
44710
118550
105496
41117
81730
35425
33033
81241
106503
23598
51318
112603
75864
105683
110991
34989
59339
101133
82938
48694
33968
692
20251
21033
7112
69862
109633
108764
55870
80393
28950
39200
83387
112344
1806
25360
20554
41144
48395
92606
64923
108137
29172
80520
10384
70180
98540
108058
96497
70666
40222
57857
38635
99189
809
57778
9716
27738
73825
62828
50573
119006
38831
5167
95827
50187
79409
93979
86608
96427
46696
11017
82900
53895
113812
33037
55951
77411
31981
113664
69635
100106
19027
61872
63278
37476
117749
118462
92154
27900
117507
51943
97442
25497
106078
5974
68670
112176
87934
17932
48273
22774
65155
72941
92852
31099
110327
59497
21259
29404
106751
89208
113569
113315
36108
115134
22110
79334
12761
111642
118888
57178
71222
32216
52401
27711
88142
23475
56998
71356
88147
118301
24539
10838
22615
83517
71114
51046
72959
46636
99629
32814
14148
12658
68940
52382
35173
85315
9225
109464
5250
102069
25426
45271
54678
52452
4761
60080
20306
77372
89566
61617
103048
118926
55096
110715
39000
77332
71536
69335
118727
11948
10448
8564
99537
89646
53251
17303
12715
110829
22214
70493
112909
7481
95710
97583
41712
69846
6737
56383
14296
71155
99568
54157
85634
77399
77958
87680
76214
82841
76748
53627
117205
86403
7740
75728
96581
16127
42606
101037
79631
76010
24303
67426
77427
40158
37444
7293
74270
48556
42400
7694
66229
1937
99469
55038
112020
63678
54827
116682
96995
29781
55775
21156
75819
85793
48523
78123
98332
65229
85216
54378
81385
13327
103479
29205
74117
27996
98948
42823
118029
12553
71577
37766
13028
36109
102211
7307
61961
56164
35673
106333
40780
81309
10532
81699
80091
4205
35892
31209
84855
12974
88171
89168
13549
99636
5962
106417
7371
100950
56591
84419
72680
29322
41198
44282
55950
30725
108738
24706
106781
112956
27727
69507
95356
21162
33665
50125
56165
103153
95506
109469
11643
41460
93216
89324
83041
79876
46755
17413
52057
92995
49863
12084
102541
103439
75097
86410
9778
12174
55501
47407
76377
113456
92051
58372
39819
106104
36801
51531
23064
46816
92046
15016
72833
58937
8086
55151
63003
86149
95570
5480
117409
74007
18235
16063
113764
95156
104735
11055
99084
71641
46377
96148
28315
99333
994
68937
40646
19677
96883
68645
3084
107591
39455
46684
2445
60547
60554
58951
20374
63644
74994
112557
21017
93617
20576
90414
85491
61198
41775
12072
50809
103910
46005
58083
51325
83325
7525
53420
99248
20492
31547
104366
113947
35509
99193
13936
103703
12552
73349
39484
55384
111234
98487
61398
72193
30148
67320
57494
95525
54923
20010
70968
66935
1839
54085
1081
31858
21606
47314
22326
77273
23854
110118
84185
2981
2152
40196
74429
92659
8996
27134
91759
14153
110055
50224
14996
74749
78468
92541
112383
60409
104317
38402
11920
99899
89647
29107
92880
53589
43594
2127
62675
54074
14872
50270
5701
5806
48819
21374
119199
12979
81100
96415
106221
57540
96306
68531
93378
69737
51607
62685
99502
96988
99501
112793
11464
42413
79017
61884
18107
33639
43176
30106
11191
96933
95696
68053
117737
73823
51740
84256
43004
100999
70213
87415
102746
89008
42729
115646
66261
86039
24856
792
39893
104887
111837
59900
108690
47151
74288
81830
64883
98460
62362
80377
53164
114560
80338
89256
74185
97481
60610
105961
18166
38780
24396
58029
60952
86515
46471
25844
104026
102118
22760
80127
78916
74178
82505
101780
61895
40427
72160
15756
52915
13246
35802
78462
18523
76480
4141
5764
8701
102119
119453
11707
25014
115043
1550
103595
60641
57894
107565
48892
1196
68562
38394
90512
34209
96590
5741
53446
76406
113027
15889
109747
106468
84550
33609
31823
39422
72606
54318
24981
34431
38259
94712
84652
9173
9792
77517
53686
114891
44758
18360
100936
4657
22168
49364
17574
67723
38667
105778
91752
17026
24218
15007
63984
111993
95830
68212
98275
821
92176
67744
57394
83403
94130
78053
50935
27812
3168
92945
11315
36544
3327
107711
36076
17892
107999
113510
53018
87880
52039
1179
34524
46613
87385
17556
14514
90240
61485
60990
81170
97290
64952
32965
91860
85240
50836
24829
7515
104079
109461
107140
16508
113834
93688
16546
88181
18546
70487
9930
50545
5304
64790
41498
81203
111124
70501
32739
91055
68977
7238
95946
108239
42749
79187
55130
12898
112234
83293
79494
43618
5924
119137
54639
68664
40517
75055
44509
25704
88208
48428
46880
111811
21882
69470
50455
84579
35379
38277
111127
76546
62086
89753
111418
113674
103612
117295
71961
110548
75322
55227
99788
22880
97832
86245
2933
14267
56686
89811
