39326
9806
75637
47622
102362
78011
18209
30988
54769
95694
74456
51484
13502
12533
84204
58365
71968
115295
74124
50583
75715
9598
93818
55478
102753
3031
115471
100751
108495
116199
301
4057
107491
30114
61823
62410
88879
89274
51248
31340
82031
13211
54299
84871
59697
119405
10516
38161
42593
40430
11681
83775
100087
76622
74542
101321
17365
79377
19508
92375
44453
93360
113726
42229
13701
100040
4330
56671
34195
84744
37694
42030
113659
82131
46544
73944
126
100304
85421
99161
41051
79115
1001
106904
107955
52783
52758
65131
26180
101799
25759
31011
5212
98910
2043
72189
48890
63427
111566
100607
71719
77522
101550
79707
67009
98500
83025
79544
67367
25803
16803
55613
16572
117527
110364
97197
25376
1895
94511
50641
10409
21898
109782
79371
27105
97738
13110
27366
49883
91984
3964
29919
96597
30624
60472
51358
30468
75780
50353
72943
70072
110434
94208
111026
74291
19763
107325
58558
112541
8751
47724
4996
54795
95040
98204
111514
74442
111906
90808
54453
93076
39589
98042
82918
6446
16009
15956
48669
109675
58559
118095
88164
618
111497
44083
8760
70716
29713
14208
94776
109039
117388
70081
59039
114238
39921
90544
96702
4053
115380
62441
68751
84511
48928
34766
82470
36344
17674
137
28092
18850
109852
10170
67258
44494
48613
31929
99728
48791
112892
48941
43008
75655
116987
29646
27345
44831
64898
43533
32567
62308
59084
76777
75211
42970
80646
22404
100800
59441
62078
62504
110496
27266
27001
107238
117628
