77574
115331
61740
5263
95724
75305
80992
86624
86823
113250
28742
22658
66812
5923
119022
70351
51370
101338
43968
47826
65940
102948
50662
31224
23765
12779
37577
30813
81122
80730
2010
95067
24975
94637
361
9154
55424
72476
81886
52464
61689
21635
19248
109098
17232
78830
43406
110527
14452
10378
83354
64505
43105
50242
13387
69018
22230
32736
45753
63629
61692
111883
36038
1881
42133
33136
72617
89449
77693
92857
113023
105318
26889
102828
7309
72901
100648
29296
19921
46995
32777
21477
32770
53451
93120
118134
43110
43826
31646
52256
48913
88921
21539
36849
3594
83098
49942
14117
68134
34829
82667
3409
36923
45345
59494
17745
35604
44073
105381
112191
23675
79663
47951
109436
69638
3142
85419
69046
82577
99492
117860
107194
79169
50833
82640
49355
108044
45785
8132
38432
10725
51706
57223
116222
95924
1765
50755
93655
61931
47574
28240
42146
66289
36785
43295
4615
51099
115682
102293
110324
49516
80642
95386
100025
38892
93729
8212
87384
101797
55648
5743
18556
25486
6729
74048
61557
110221
55972
45722
53976
83490
7882
43368
3237
43407
98570
58972
115570
32917
103801
55969
17980
32471
31480
69272
28222
98315
102854
79003
38262
9064
27121
36235
107452
112867
39668
35842
2775
26197
94011
83113
15129
21685
116787
101948
41755
103917
92181
114759
8538
69143
84876
50554
86073
73649
32376
26801
88667
68356
4414
86086
77129
14855
88215
79673
102731
82473
91163
32119
68823
38761
70311
76425
34153
107121
39949
95021
67182
6982
113479
40590
20453
24567
40582
40534
38659
11010
71076
64037
64178
2071
51538
37720
26867
89481
88066
29168
76928
5399
66417
110491
53770
89958
97636
33733
115297
43476
44017
83238
82504
32069
74923
118965
97250
40847
82059
5495
81642
40716
22307
65621
41837
11053
93653
54428
77900
63959
70803
62686
113092
99013
48166
85363
41097
58329
35012
48181
70714
108870
42973
94541
4188
44191
47783
21340
25253
104051
41106
88703
90630
7837
467
23685
49840
95629
69739
50196
36753
102698
8839
3254
23526
27937
25065
85542
71400
60495
30256
74592
119900
74552
42502
99096
93636
101657
29585
93667
3894
108784
42608
101049
27467
3731
16961
93176
41419
96004
73573
13739
46075
80775
93450
88141
19055
11439
80230
32970
59172
80999
47614
95656
9591
32034
44588
52189
5766
105425
94678
51676
67294
119774
3103
36277
60285
76146
46618
66756
99924
76036
80375
102837
54222
108209
101532
68860
56647
91588
78310
93703
46030
82459
69951
102535
66166
112169
110418
70881
111645
61348
103122
101373
72056
14419
29090
47739
81025
91222
70955
76693
68341
71087
113953
70316
79614
78106
95961
29687
14916
97057
17373
3983
75258
59989
67946
87098
70255
10691
642
43724
86601
74439
41412
5654
15623
19498
55153
103145
117319
85144
68038
57752
12028
113050
34468
57186
107233
9137
61329
23197
90103
100688
36422
20911
34953
67001
35585
607
52244
1673
50309
51456
19495
21886
4035
78405
90681
57231
78401
43786
101704
61011
87842
84917
96964
114879
111937
59614
54717
106361
82013
36176
29437
111784
608
39477
109887
4133
44220
80039
62385
109107
86070
103313
76461
88914
89605
79142
107881
46909
25716
67433
77390
24321
118452
116235
61609
7729
65979
25616
109147
38483
38265
82266
67811
107482
113082
79219
118811
95741
34372
64617
34109
79574
7675
102969
16727
71654
93081
86398
85339
25306
60537
48659
84645
61749
23957
47068
16995
110288
69130
29662
21569
1330
108794
4638
38269
52707
98403
16352
105741
29574
11522
34807
54208
12445
20872
13508
66690
51749
20
32126
112006
115506
50127
73596
73637
35532
104247
60779
62071
18594
22919
100961
85166
113788
8361
63490
12333
72366
24159
35640
60858
114628
43143
30791
39795
117401
71182
13612
94809
73069
95898
75109
22898
18837
34578
104734
56843
86096
6505
109919
30172
5073
104124
55560
16148
67370
69775
35066
64529
21107
1364
115983
65461
108172
40544
83291
66697
11718
3183
3843
22515
83282
25642
86107
66197
53552
58900
38944
39319
104059
24792
74826
21461
79289
2275
103502
57461
4420
17209
61724
38073
18031
13144
65539
42540
102158
97906
85585
81277
6644
51756
32476
68873
109153
109683
83312
93440
47837
38840
6290
45241
62473
56852
39353
36484
1818
32992
39102
6107
73397
44766
39946
82495
118149
17339
66030
703
27841
27193
110220
3310
21085
117972
102413
86251
72084
32996
39525
102861
8657
23430
86167
114650
59982
97098
68390
85106
19723
29186
72303
20323
108076
105325
48910
77220
34864
22087
55490
95535
59162
73824
18402
39045
6181
7614
41478
98369
77942
81800
64901
82887
58275
117375
284
43097
58811
22309
82384
70360
18911
84663
68363
23375
78000
68241
102766
82439
58297
3543
34689
112540
63549
74113
281
20400
11329
74381
6311
83466
5960
52047
98914
105836
69194
23571
61303
119812
12372
15282
118026
117692
84817
108054
36998
43434
56764
114757
26604
43272
57763
58830
91813
65113
57835
36604
34718
1868
116630
15631
109350
2972
50636
45294
110988
79362
77474
45100
8614
81464
96082
90305
1156
101544
26764
78240
99712
106346
117494
55989
94496
111459
72191
50173
56806
89822
33675
117467
50215
109096
111474
4992
99716
105078
114509
5500
25933
37961
65907
2630
98951
99041
112251
84966
21060
55459
107686
29859
66121
68611
15855
39505
1541
13601
57346
27303
91213
9273
64652
118110
77796
51664
4971
78632
46301
1813
118531
35943
78762
970
41534
97483
66733
25775
42774
113968
2196
97929
8740
47015
41768
29681
9259
23815
35406
116323
47592
39210
102610
15497
109515
15031
79140
113504
84001
25958
15870
50654
42680
11671
15661
31856
110930
88574
109326
86487
4148
21246
69751
22086
2218
116505
58403
68151
18281
63860
41623
52811
40159
38406
80908
10880
75946
23224
71285
17138
66237
17525
5279
60013
119468
9070
10075
79339
48427
11867
74318
26782
35987
85613
103231
113495
93863
42007
81301
86842
66845
4366
100075
12473
9670
95857
60825
18314
56623
74447
115585
60675
50743
71338
69217
13562
118086
14349
49714
107924
104920
22838
102012
37675
43689
103943
103874
81379
100826
45133
93413
27480
41403
52784
63025
42367
16282
31388
77667
94697
73532
76155
114607
67517
118907
99036
54264
23797
778
110119
98378
12618
30406
47971
78228
13937
91016
115349
89519
97851
117874
39665
100423
12962
6287
15455
113149
97478
60197
109774
82030
75070
23620
56919
36437
25529
108555
57617
65632
14521
109246
38179
112060
69624
57918
41908
32096
75707
28756
18676
82275
40441
64004
54111
90241
32243
23107
51798
20771
64802
111088
96937
51897
27088
106292
99329
71175
985
57397
51112
37588
69919
53728
4377
55395
80406
113213
21475
50304
92699
11854
51815
41277
42522
88627
68952
51464
7746
74719
9302
26674
22942
78707
71991
54076
49403
88111
77700
41479
29233
53098
27658
86491
19667
95483
24782
92878
32747
48414
99026
86123
82352
112954
22133
34091
66503
26937
1886
23541
12693
14684
34960
82776
80614
19748
6173
98319
61867
99316
24595
56035
18723
68328
86600
73171
107553
23562
20700
106370
53658
869
53000
6068
33159
112056
111764
88508
96630
91451
33576
106196
15009
114259
74246
30579
1446
11176
87567
57569
19801
73445
101861
82055
96696
72849
61489
104630
11742
55452
78080
25831
75353
24171
16006
111867
37116
1383
98706
53529
6867
45308
91976
25189
17988
32222
73713
92701
97623
112510
88302
27106
17106
4044
5862
55655
27096
63935
2096
86934
16035
85794
78660
51172
86132
102360
13222
94883
104069
7067
97807
24103
93184
21424
92960
35384
68368
117339
18291
26951
100940
39987
25655
115786
78199
75839
78740
83974
48001
115953
82566
110304
29768
70250
54642
1457
104654
65573
7030
87436
59945
34108
16437
48514
92388
74708
10855
26551
4993
80825
90068
34136
72510
51203
39588
43035
114361
54784
50622
26210
29160
108489
70806
83951
82649
109621
63255
8258
89934
50024
90838
12797
73266
48500
52422
24880
108206
52989
21460
20893
59503
87172
98722
99269
111987
94060
99765
73472
100847
33232
21656
113052
108773
29876
116929
76916
33444
826
72690
36918
5311
113116
55073
47954
74237
2822
54721
50838
58476
87590
55852
21524
54499
44936
108237
15251
61754
32297
31238
31232
101234
15638
27682
14715
66457
8596
26675
45559
106177
66794
3197
119787
10989
60940
99790
5906
118401
2989
109806
42588
31367
12202
95901
99114
17485
95568
101113
43692
6028
47285
19208
101241
27504
38235
99434
87078
32512
46160
26647
93333
510
38339
100169
3243
46307
115039
24799
9313
78605
75249
105656
49078
78818
39169
45860
56375
93415
85532
79777
59593
113254
81557
98152
71002
93343
93505
43777
13469
51932
36043
106654
76320
56006
112014
116325
40240
79602
74302
98373
87656
67061
5995
68137
48935
70872
21380
93065
13530
104517
110225
44983
66268
107022
118620
31273
12540
49138
79884
29406
4552
10849
72547
83388
36571
105734
1543
42758
61044
77555
20575
30095
48189
27753
92036
64543
31790
62250
31100
63642
30779
33710
113405
50852
28715
10585
71662
35536
96462
58866
17641
85136
9515
64750
83659
32092
15
102896
68413
10365
57383
14942
54109
26540
114680
14319
61051
2395
52025
52562
50659
36713
38821
53985
1582
89858
7841
45871
38034
117323
89798
54661
89912
87648
33835
29950
23451
81076
72203
7915
96561
62160
30184
114502
35230
77180
46935
17689
97403
102805
39291
13194
81282
109637
4867
119156
1857
113014
30059
3212
43800
60297
78908
109121
46645
109850
97379
102168
95744
18958
17184
112119
5315
63545
78804
82419
104147
61099
118286
90006
1522
14922
5261
54900
33525
28010
104455
20231
81745
84770
75033
107304
17010
29937
100794
30676
99411
62354
94761
83277
21638
29619
99264
45295
63402
89456
55201
87178
9356
6620
106348
14829
112263
75019
35100
57895
33854
56337
119987
45822
118865
90337
79432
79119
110744
