39338
57008
96491
46513
91151
9795
94078
82537
87372
80160
43019
113774
52331
43372
106961
14205
118670
10971
111621
69034
48528
104918
96260
83142
118022
83889
29892
16265
37114
104607
46216
19955
39811
42454
23368
12237
19512
118193
113677
32781
87736
54426
106396
84807
4399
27247
82276
60378
56244
113217
34753
113309
64356
95706
21057
99702
91364
470
81569
69581
93564
61626
65683
20884
42526
108156
66678
39151
6739
62307
56396
652
96480
51454
63829
23836
52095
107967
28548
101348
39149
74218
63550
57280
16073
87003
101166
73241
91155
82039
118256
42411
111940
53760
101291
5210
28979
87487
92365
58394
11141
26166
13426
26354
37334
66917
103383
70170
48676
45779
44763
51321
5195
67038
99222
72979
117012
32946
2133
92222
64462
9437
34119
42659
90667
107762
106505
6846
1303
89969
34239
65986
74616
95155
70286
105
47115
104054
104736
83767
110358
103522
46293
82463
38988
118997
28289
8419
67878
18916
74942
93324
29452
43184
104204
29514
55003
31629
67556
29040
28465
87805
5151
116256
10738
46894
27593
56184
118308
6507
94265
38741
53284
47337
102914
50078
77939
42220
105227
70848
19832
52964
16573
72888
25570
82627
59664
51301
118737
115446
13023
117941
7985
43405
10521
113033
72438
3071
81947
67497
61512
19499
3760
92397
4863
29995
52853
32920
26338
106383
86652
62853
53829
75451
79693
42215
106121
54088
97787
63649
70270
37500
2422
88538
90805
65995
78938
98687
67156
50046
11178
71013
61323
14807
103871
20194
113896
63082
58053
107376
7469
8841
38520
68040
43527
106966
23331
19429
47058
99937
82308
9539
65686
95701
65946
43903
19632
36747
21021
62049
70085
99180
68394
37246
65848
65567
100446
29999
49289
90897
4511
72994
67152
29721
86536
48511
42745
52137
57713
37361
78752
115145
48753
116515
28853
89905
49520
84571
36975
64656
63581
46116
75372
14213
30006
10683
114124
52270
71717
67341
35480
55700
86546
50323
7638
20105
42230
116896
3161
117542
110412
17955
15167
117092
41336
107467
7618
47880
1345
93191
23108
71224
34945
45805
37832
46447
14265
112845
67475
76927
34214
13406
59482
64786
26341
95017
46868
78790
41468
28758
78911
68718
4081
29140
69348
66025
69333
42211
117279
80219
33869
25971
7109
72519
84291
103330
44633
115908
73373
90915
31758
70123
97510
34219
66749
17109
49866
85451
36486
11308
9122
56477
36454
87883
42456
17551
96463
45138
72243
46813
105860
45224
10040
11272
77681
41986
118697
28559
95664
47029
22414
111249
66874
86414
88990
29220
102060
17100
28772
70245
67330
109911
27670
31898
8891
119332
43935
25338
41896
111826
72870
112224
62740
56558
61698
78346
93185
87662
42620
26684
88880
95843
74742
9101
25909
45645
31715
95895
47456
79605
119819
3033
91367
24357
1055
104943
80321
109580
33703
115486
95891
115961
101883
15598
72396
58638
11416
58075
97777
95306
90835
111155
114623
113273
48260
117294
9015
90447
48632
31911
7541
48148
83891
10042
80111
74888
92915
37058
107880
94560
119962
27311
59919
44539
20183
109115
109011
112223
82631
78716
117095
61951
24885
69180
35426
47457
113546
8655
87416
108441
89291
69854
85675
19399
62227
573
118132
50769
5655
26272
129
70537
49229
62281
81597
83346
27963
86095
63169
109699
87563
837
115463
26156
51481
11792
25181
100333
68265
25214
25113
93984
50065
16197
30062
38698
99021
17408
43737
55914
52717
18846
97830
112105
33253
5810
39847
45419
13698
70813
7316
26082
50637
84433
11610
85825
66524
38221
63012
7682
90527
57718
3965
30720
32678
114559
34061
9712
108607
38880
41667
10394
52092
116479
9624
21713
