15181
115566
30244
46555
47518
104314
95262
113156
62736
33147
44278
40545
106529
27547
39826
84445
30414
52096
41773
41796
30398
98158
74784
14605
57551
58828
37455
51939
10978
46119
82254
70930
19159
64882
65026
59147
55908
23847
109070
85500
91338
61694
6698
107627
18979
57810
28644
14696
38256
76667
16814
45902
4738
24851
16277
115811
29616
75532
110402
10109
18229
55076
89345
2381
80571
34369
51739
3870
10082
19521
43207
83414
99673
65588
56940
95683
104024
92875
63329
95145
77194
29553
91100
26080
14158
68502
113297
69902
58524
76758
37250
12363
54636
100717
29005
24433
5418
82626
2617
84399
12710
27434
13396
95246
34572
97536
68923
103648
36971
76599
26268
43387
103268
98609
33508
52379
59797
514
77209
18260
14532
113390
31754
58271
117033
24700
96953
82068
106477
35422
56143
81529
58915
109209
18582
113188
47281
64840
80815
15837
7404
86716
105716
88737
112559
27085
115348
16341
37853
90427
44475
67521
41783
95046
23378
72374
92075
81305
32559
87646
61027
47165
70643
73782
44027
57831
75165
44644
1150
116488
86312
74982
110404
63087
43423
38011
23532
79030
109008
32533
1529
6980
64092
89209
98277
35645
15471
105946
116288
28987
118797
16851
18660
29199
24489
9391
64218
78577
92444
56149
95275
60427
36968
3330
62571
51128
71117
106720
97272
39140
31872
97249
108942
102912
67042
48010
41267
18858
72324
29266
113468
78034
76873
111032
42511
7709
101034
119730
76190
93576
20396
25610
105636
94735
68215
110583
71193
21964
89859
73216
84305
88804
101994
105848
13302
2087
60647
99545
81804
66378
98272
76964
91260
47478
117219
119377
54511
57686
21833
87117
52070
21000
17679
107662
13953
89453
109336
119214
80459
2497
9667
42582
101039
117057
63682
70437
12673
49515
41576
117334
116210
95462
12917
8188
90855
63756
52449
117876
106152
29509
73633
40365
19807
45905
75690
91602
35651
105117
97828
21044
75962
67091
60351
16114
88541
86176
117500
44245
69520
87284
93916
78161
34697
69628
42578
102220
64884
93037
23142
55423
43345
1533
94001
98661
60008
115447
36682
13428
27211
83210
25251
113492
68504
25877
80347
80716
34783
93483
45506
41703
104498
116823
101251
115418
24924
110882
73746
90137
71713
17537
94196
67137
106563
116803
80215
36280
76081
51904
73451
48976
78620
14990
83295
79608
43681
30839
14609
69493
106263
79907
87295
81339
102328
81318
19300
11468
105789
96396
73233
115802
45702
56534
39538
38190
96221
44155
85241
56865
53293
55268
106335
85626
47341
96470
18349
13361
80251
82734
29314
39759
10851
69568
68364
39985
51417
116974
31377
19738
113551
29913
117979
107962
4555
35245
32028
2112
101625
10525
37190
22692
43788
49230
32356
63514
53323
53360
34086
6815
5072
49462
34640
87155
23794
4565
23140
73439
31295
110828
23899
107300
76846
42647
92251
51185
10950
45809
96671
115250
19828
90576
39372
58628
72721
41552
49065
90807
83631
81538
83166
82600
14077
116283
61304
5649
106831
51853
80578
61930
90845
116429
23816
35476
6232
101667
55934
92483
42775
23059
16287
52851
71621
112571
115943
99158
74723
114446
15127
103986
22507
41237
42751
59525
52234
114725
24847
17716
47485
116236
49374
100498
89463
39840
24202
54498
61633
63797
46130
21655
8904
80588
61696
37251
109468
49802
6920
98091
11171
89878
112744
22071
9786
88432
1948
48462
10970
30606
64704
50332
102055
105825
118686
13543
62899
59749
60377
94285
112730
77210
111468
85003
91523
112545
8398
19324
113013
50137
86069
32667
78787
41706
73528
93323
109999
68981
82573
54400
24804
93080
106574
40678
82071
55679
41286
1300
21345
33176
88024
91636
110275
74055
116835
108736
38126
106107
49560
29638
10138
9721
93088
22925
95933
64022
87262
63552
22148
109565
9926
95295
65368
52299
31549
78925
16927
89386
92346
107035
85869
74063
12282
14896
26974
92273
111475
94858
79040
100920
12621
32066
29544
114910
44912
64001
75573
43358
73959
21195
15686
104493
40503
57258
14964
15300
62585
2149
107276
4352
119196
51735
62371
46145
14425
6763
64857
72637
93657
110228
9074
84798
29657
50492
37131
44864
99178
23381
85368
2952
74503
79400
50117
72163
82003
119847
7381
66141
5768
48857
12983
66397
68695
114433
100968
22896
13558
117642
79578
20536
102846
24391
6439
99675
99466
67537
117129
31398
73974
13098
81194
55463
10351
115752
111342
116308
52040
1160
106153
79531
119416
26800
29484
103865
115207
110442
61192
67580
48434
117577
62615
80
90941
36705
75189
2535
97148
111693
37584
57143
111792
26796
75351
36878
44423
67506
41014
36244
46536
59089
50793
1632
46395
74869
33593
23432
30448
101
99786
27148
101759
11621
79211
5969
21378
114038
70443
117830
91412
88336
61509
8972
79048
70163
98148
67423
44672
101919
88465
98577
83103
62490
86454
25503
85496
73190
53051
110893
84775
4042
27372
77013
49474
60455
92562
25535
49216
118035
70516
60372
74194
27685
105489
57341
83483
63386
20973
36489
36694
14608
2014
99571
1031
110563
81080
28503
14082
8585
15494
6540
53647
110567
61878
24838
104841
111592
77075
107879
30056
25688
74963
110990
63021
47708
84180
52624
38945
12679
15642
81256
28726
56217
54279
89093
87233
12669
21447
31677
68943
84361
80027
58756
59034
114317
77985
32809
29996
46368
118038
52471
35683
118862
56117
58030
116860
117178
17355
20846
48970
61263
91969
99056
103225
110995
63780
52822
119241
112511
28396
75134
83682
51821
110166
96567
88140
117384
15160
46747
898
46017
65054
43348
47714
75529
47280
7283
71461
66230
108272
26227
106144
77038
22526
71974
91377
76149
31117
94738
74129
31818
19726
45074
105883
20805
112725
45127
112085
60186
85883
96137
20766
57153
92132
114314
2848
96938
72390
38182
91815
49956
8218
32591
118117
6000
21705
13795
79094
119895
73285
48869
2696
85226
77063
26898
34171
72471
19908
36860
96471
101194
25162
82675
73564
16046
101847
107154
26542
77941
85927
15685
40386
25363
63869
87556
36346
110712
78853
98182
25927
93917
89717
46879
59037
30675
64445
119803
117895
49746
13072
67674
114898
105209
51744
114673
7384
90064
108493
89932
92368
7303
111061
102761
46431
108931
106833
74827
21492
16717
10324
17226
63361
86058
105051
91204
53485
44804
111576
31815
35912
67127
112522
116489
83012
35764
62161
107807
97527
86892
72739
9653
14826
106373
60293
103037
16761
87718
17881
62833
3083
47895
55600
29493
94097
80383
41145
118584
116291
104741
41599
82413
70900
53917
50282
5784
116908
82843
71281
6576
62708
52255
25039
113476
110492
36644
112565
25012
98667
95633
63546
116086
57185
28571
108003
58091
111988
20265
97227
101995
22236
1297
21058
45392
55479
54148
8208
85506
68121
82946
52748
42673
22767
5169
81854
63814
98357
64313
61344
91082
69182
26006
103007
48766
21967
41408
10375
15622
115400
116874
72085
101656
100856
98679
116454
67801
92609
10131
50894
68147
2691
98005
81942
37729
87090
65641
89975
117145
69755
112110
25110
67707
83903
118290
85177
103749
42769
57995
35231
112134
50860
852
43515
59216
56540
108955
40719
4265
46388
37383
79686
30435
88681
8533
13581
102271
12058
53495
9214
79716
35697
109586
45181
83892
70243
18090
89019
72890
53032
87741
28016
19543
95726
8415
110643
77216
116042
26460
61361
11036
9398
1124
111332
48559
108859
74986
72025
13672
25764
39204
109013
94259
14568
36077
6258
76165
92217
33731
89120
77011
18564
50749
63369
36736
110761
98489
32335
52374
487
30951
33662
74734
69360
16136
78377
13597
35641
72730
112125
76118
62719
51437
2999
46260
50135
78566
53582
13762
102078
66855
74885
66091
14436
106043
92207
106510
100529
21467
31525
90229
61549
54540
28835
43451
52696
6218
34788
21049
4473
94198
101426
3113
115792
44572
75181
77095
102750
10425
64028
39153
64188
67291
25035
108176
77369
85282
91347
95607
113663
47766
35774
85999
89739
103192
92948
41305
107859
95548
25417
45072
117043
16056
47677
109225
11172
24749
26953
15284
12041
27207
5291
67265
22026
47799
22104
38450
85087
45476
102371
4027
66946
96905
73246
111582
62997
69610
44477
8195
15399
90154
105000
9
54757
32754
50424
744
95008
46251
96120
81009
93288
59451
79775
61732
41572
49698
16497
50319
27750
14443
86082
17723
8980
25530
107016
70519
71469
33515
64213
37266
34414
62723
56491
51198
46278
58983
80977
89644
12969
11290
18823
34064
68904
58651
103974
1351
47499
32698
119313
96464
75283
110455
111956
111938
16419
78003
57100
36643
97840
36354
113133
38878
116085
106127
118756
89448
85009
59717
98763
75903
70411
70131
44743
52454
59492
113911
49611
24061
40319
41340
36580
64057
77308
12367
61161
5343
84046
34058
40971
116854
