105916
100329
46150
25713
23409
47764
66324
6366
17165
52705
66201
62742
86258
2697
19446
109164
1711
84490
34826
47427
3492
62945
22669
70776
103688
113864
14269
29495
72413
95085
116902
42860
42409
18815
97119
87250
43265
48109
117317
25085
80808
102344
42386
55280
118698
92819
53479
631
57905
2533
12485
37355
13548
59533
46083
79992
40268
88271
10208
34693
42512
108263
112225
102490
84376
70816
57699
94135
105438
7495
22262
101232
10837
77294
64079
16339
39912
36827
5422
57630
63260
112459
43479
37983
85157
89883
63990
14448
12942
18933
28189
728
80085
11539
8886
24570
51683
36645
74021
97449
65959
13877
3831
33739
25155
13801
28583
22764
6166
67662
43995
9282
113379
90479
91917
72727
104323
18080
64242
27108
9393
55324
80080
29241
115424
14789
46137
83031
37947
15469
95350
92044
73389
33541
46184
91783
30252
118300
52529
115834
24632
37145
96855
45143
51632
81145
18953
22011
62139
35538
102601
57966
105187
14076
55811
66603
36238
74936
47872
58032
19693
12752
77103
4180
37834
4785
76280
69778
99473
50185
88670
59090
63566
30625
103883
88282
116585
106258
75791
107090
107839
2122
26273
24191
70780
47429
5353
81210
93407
64179
86942
21183
90429
17784
71715
114948
111970
4416
16317
78103
96478
48364
4194
98554
65164
52022
103566
109081
37601
25460
69842
35589
45235
52604
34668
53185
83461
26663
84537
42231
16889
70261
63707
107128
53048
116092
102995
100976
50988
61449
75101
25258
86894
56347
3405
35444
63631
86015
24318
45816
79522
118924
45090
64503
107782
90972
60107
97424
12750
105067
83016
74295
85010
110612
36111
43726
59182
68757
45590
34094
88083
54552
15237
112973
25141
89185
118805
25415
92432
55620
520
74856
63717
53704
35922
57586
71226
85436
11944
4093
104226
31511
42886
71194
31375
79474
43408
32220
40124
107279
113444
54048
47209
40892
26063
6609
60272
14300
91266
20678
113274
80530
115731
63484
26709
34842
15072
53049
44868
113582
108427
49354
47985
45651
80816
92175
66468
5518
55397
117465
9596
93786
86985
97701
34548
95083
93827
2456
97964
106248
28364
27232
83299
59391
112939
95839
69204
97517
26761
6957
35265
46561
21688
77750
29801
15157
7598
98306
116827
89694
9052
49554
60522
41075
23921
67158
104771
42009
10177
70433
60485
31308
52990
114995
97726
7163
34410
86644
10066
59776
5573
48980
83397
97973
30514
38070
51950
58634
32731
26269
44799
96250
67650
88253
25624
46329
45735
65630
74962
89608
75084
89702
49824
86420
43949
32173
31411
114800
64374
77279
17199
25207
33568
63400
96880
73322
38977
21010
76512
34803
58039
11244
73590
92475
33693
53022
46003
28146
117808
83979
40551
76163
2137
22113
50748
43257
46680
64336
18857
69476
44433
77940
111546
107802
49429
74850
59584
30939
9747
47064
84270
116471
47000
40725
2313
87749
102318
6189
10381
27316
59297
93539
92482
83227
81064
94792
103591
79463
71946
48846
45605
80155
112930
5340
100439
28413
67193
22816
34617
4207
58550
42457
6387
76256
42406
107012
85952
86272
46712
39658
53688
86712
34300
51545
40923
26994
87496
98397
20605
23700
90862
36316
34449
41152
20478
60707
8289
81096
21902
99968
9128
1964
35955
45929
105367
53557
47385
11180
34998
23361
50756
41539
86901
9038
103212
791
13182
54753
60247
119302
104780
80003
74660
82289
106569
18176
88610
29114
8434
92476
30828
75337
18690
82242
109717
44322
87407
45126
59500
21359
8215
40916
41687
20531
33283
3177
75547
20860
18379
78668
81091
90679
108468
30520
17357
115200
117031
28490
43813
58720
84007
19298
112092
68404
43169
55645
29280
83
52597
105262
84942
29868
1858
21695
100970
71254
88674
115674
95238
105421
7033
83733
96698
77311
106594
27802
116341
110815
10176
55812
57942
47361
108033
64358
14204
84288
38244
65826
99883
25352
27614
102758
96963
87725
110736
47301
87012
40482
30337
8285
45449
69633
18283
113915
14882
46177
111199
62486
34899
55143
59127
81766
116087
119445
94770
69049
92258
115465
108280
75145
116139
66286
97666
38547
40852
86967
58376
12515
90625
47554
101560
39448
20760
113333
119431
54277
18972
57421
16816
8121
70148
61938
33280
44829
103470
72376
93742
82553
87924
87957
8006
27408
117349
85124
13892
25055
98884
50556
24652
63156
4534
25791
50262
2852
55364
40601
108617
64729
66523
63735
41927
21948
1047
115895
114996
40758
14049
44478
94854
26384
4143
17853
40986
85324
100460
87492
81
50650
87851
32388
74627
48454
50306
42943
2124
53721
55800
61655
9467
39621
70056
16924
114894
78554
67965
84943
87026
27025
87227
114902
60115
98825
1523
41272
90493
42654
69944
5416
28986
42533
97468
74937
67693
23144
844
20291
36125
94252
17562
30479
113950
100421
34773
28803
14413
47
86399
20741
416
61357
46731
16898
10309
50062
116216
2255
75853
118991
93572
50318
47717
97382
57428
44183
78188
52000
84584
25731
11417
69875
17127
26821
99452
79031
6616
8029
63310
68764
43920
118353
93957
32953
42949
91473
115698
25902
22829
10703
59294
20596
27265
21223
60908
19936
74972
73321
73158
39250
10980
57171
89499
20441
65390
8871
19131
61503
104278
55511
11274
54372
95714
78131
68667
43507
94345
18681
75018
114609
107132
45530
50711
101081
26555
12609
100163
18608
27744
78800
99348
54331
24310
42916
36121
9350
101901
61477
43162
4714
104640
65583
69062
106316
84311
80527
44302
106635
4774
48563
45129
66071
20597
111491
54298
55924
62834
58584
11080
16633
115389
107428
109181
87215
18635
48198
43988
31230
9888
17873
55388
45564
8323
3762
37019
65591
67468
30483
79750
23555
117365
19889
33039
65722
103177
56863
76690
76652
47994
59693
7982
82563
103179
94843
57078
72718
8582
35381
22298
26350
89817
72874
90582
110895
102611
66768
79156
43799
25024
72609
101031
87776
69083
48605
36389
107270
106025
36471
84751
93638
94500
1226
80204
63216
80299
1467
32417
18163
84162
11954
72814
52187
106544
20057
