9033
20101
20758
110071
23392
63534
36920
39381
67991
32037
20382
42985
52678
44874
77800
85892
112332
57531
45523
11293
13303
65135
9975
24002
35149
65233
94692
25631
92107
78606
77165
8778
2198
59764
85287
68348
94835
71269
28917
60291
16477
100708
93800
104221
59427
54670
32256
20134
95179
12874
19006
33851
58626
68152
84348
6316
43310
55766
45006
25649
34892
72317
95754
118425
53043
28337
94419
49908
74088
8340
11288
12877
892
5462
36562
116148
106796
61852
44606
55450
90545
18517
86961
54542
3593
95996
116198
109624
112399
13676
81447
9261
44717
11799
43546
44914
53999
5149
64961
43393
50421
46704
22335
19111
27710
42627
71
8330
27284
45897
27569
35827
42705
112870
68674
81452
53807
77604
13359
87040
40734
41472
68074
16043
76159
81620
2809
50351
76555
42893
48250
12461
114174
112529
93924
95357
100695
30962
15637
80835
40125
36717
96803
93730
87825
63811
2375
47960
100030
35301
33484
33686
52786
64665
68391
26089
61746
51583
4589
93345
90119
111841
108514
30760
67297
76133
65664
28283
3670
108573
8033
31885
79990
107958
61824
75143
113882
38514
99557
109497
82895
61013
119223
9055
78039
5293
108190
62265
69905
14721
115314
94983
107567
40788
54455
83563
40075
103613
54133
26301
68141
37074
2224
38663
63808
72195
101024
42813
26201
28233
69545
97719
42476
41634
66257
49346
18226
8873
34710
91416
62482
109831
63904
58101
109291
58953
62466
24251
94038
16394
115206
29024
119301
9760
92658
30500
43923
114982
111147
29984
117948
99996
23809
61634
99291
96381
119494
17860
98063
82064
16111
43832
27809
116565
48320
49024
26944
110196
47069
10344
12562
14830
107417
82454
86746
61790
115303
30484
85900
4444
79895
66558
1291
66064
1932
82083
5163
61608
64490
91555
112157
22959
117604
67036
37997
17684
51201
27082
103167
4001
97518
108352
109547
99000
81086
18950
20446
24649
6295
64130
50335
45188
22192
16609
119235
73511
62802
7098
3169
51182
90270
35305
36218
86727
1641
25886
51012
23852
10348
23115
106227
2706
516
63326
114245
99322
719
76276
61424
19469
102179
75507
111437
80056
33524
37082
70438
3256
76579
79126
112539
111158
21633
104671
13638
54539
64187
41968
101009
82363
93880
81014
71598
30380
79711
74863
117418
26671
75027
17631
42486
7897
45741
100055
60075
99173
32732
11602
55618
38629
69175
72397
106794
48259
116543
82014
8595
31601
92313
73641
6284
71104
15022
91877
39598
35902
33847
1701
97858
80870
44481
80246
73566
47119
82958
87244
82525
43690
31262
24662
98986
81270
77072
28433
27626
45708
88742
43559
8146
74726
48966
107923
47747
55892
24122
18813
45833
22971
78305
88605
7167
110368
113791
89341
72989
84391
10116
26278
69634
74504
28958
60353
30750
58614
1842
24274
60480
110436
61487
55881
114612
48133
54526
67408
77056
27712
30797
103188
89124
76188
58150
110409
69108
95812
16108
59915
88323
34748
46591
14190
3360
90984
89113
101765
40745
107414
107042
53586
49489
23365
82286
5929
49944
24869
107783
22990
2534
4687
56915
51855
34777
114376
11546
18825
42514
86027
39682
63330
95643
21924
41791
80531
93830
99062
88487
59557
14030
109644
63039
53374
91879
15184
102311
46148
49199
85604
14973
71412
53268
113101
88545
97127
13315
117970
74151
34627
57270
108220
21557
90516
116963
22019
40888
37801
57210
72784
68796
88255
11033
10931
66737
3776
31605
51925
13866
85486
44163
18123
19810
112412
47512
70110
116830
97900
32397
56969
75142
41504
28384
75805
36361
75303
1679
73032
90577
17508
66074
106810
15325
14782
62356
94025
32792
95811
2444
116900
77384
88445
75203
72093
104586
21512
97789
77545
47955
13791
71591
42079
105029
85220
57974
