54168
15380
45738
38251
98890
100434
22185
4816
88311
26915
82709
85238
58783
10107
115054
102295
1510
15767
34673
80376
101274
27212
53343
16501
93677
37242
110145
111715
80074
19929
15286
56308
75757
51076
22296
63273
81627
68519
40300
59522
79492
108061
13223
101107
82423
69164
106436
93077
70950
81781
1542
79952
98755
53009
38927
47710
75140
40345
5433
19905
37551
113519
33806
33333
110100
31540
15842
91642
15332
26704
63007
94519
21469
69745
104717
101492
52413
58976
107895
24683
2248
99838
62103
64739
29119
94293
79903
14206
104797
102261
60860
97420
71282
55616
55077
61639
117718
25984
22194
11786
34950
47701
80049
26368
110421
68061
27786
20201
13250
16580
5211
90937
24687
115061
116859
63810
102723
88669
56739
70462
87995
117488
80093
54508
6305
62207
23649
63343
26751
880
1258
5863
44247
2271
59154
118155
87779
90691
77472
79000
105072
26746
20297
4772
67871
25501
25408
57768
73128
35910
77873
76173
72624
36687
98643
19871
68885
94256
80469
47382
17890
94284
33629
8864
32890
51148
72289
33496
40977
84227
31720
10259
81647
73741
62523
90041
42071
99995
79843
42740
93051
84045
4960
94486
66015
63174
49671
37917
104761
117310
32195
111627
48550
11611
70818
646
9684
104415
75025
100932
115741
57844
72149
20401
84059
73882
56781
31051
87942
73174
9520
114541
9616
100156
56061
111335
62113
40722
35734
27679
31737
89184
42267
41708
113548
19426
17304
53767
87713
96241
