8532
72642
33434
83053
36120
57960
86764
106630
95184
101303
13373
22705
67068
18056
50445
54407
36949
14615
86564
88488
71951
68730
73764
99811
44718
79732
73993
47423
13157
106710
97040
38292
97660
42965
104697
55010
75152
52814
52282
98007
75220
108664
1840
92718
105730
91019
24038
75420
96674
115375
76656
65752
40000
86562
1717
75488
18420
99064
99088
6337
31504
62200
67845
108570
94526
49268
89865
36416
46185
7844
87478
3984
28075
60204
12550
46865
25072
17824
17966
772
89486
62699
58285
97169
18146
45338
85631
65217
113700
76520
86288
70596
56925
44472
97790
71389
35694
59212
79203
80757
2266
30698
77029
10557
92129
85056
72848
52955
74201
113816
94416
1604
19751
118950
84532
9369
107160
54369
93463
114966
111108
92664
15313
17811
84782
64675
47350
52634
35069
7719
79667
95474
13075
43846
84014
10821
46323
16848
84110
61693
51830
55405
53228
14544
71431
68415
111383
110566
37026
91530
58166
27464
52444
116663
83167
48435
89102
57198
24960
57299
119496
4690
111518
32204
52765
56249
17769
62577
94806
37477
51682
1585
32089
90614
10628
52946
1521
111316
45226
87266
54793
45599
45987
87380
31368
18704
65334
19360
24526
36872
33677
3654
52979
87259
31029
18162
50423
3032
25857
103221
56951
86917
119129
36367
106015
76868
70913
58837
91127
111207
46405
3538
21254
98045
15317
54663
30866
14367
83019
15938
42741
21023
100725
66856
23734
43516
2246
95231
100513
67595
373
100530
31948
70136
26188
29636
116773
16019
102340
94542
42799
66761
32700
110538
118111
67465
90636
116029
110950
113505
99120
73975
58684
56307
4493
30122
19239
31212
43001
21184
105378
35982
50978
25572
4026
15979
112179
49376
70879
50897
1940
13280
28796
44216
65713
110513
80232
95111
4604
21141
89894
21459
89641
1867
12069
69660
42158
28542
62476
37070
79379
117258
25508
108429
75928
78939
117620
35874
96312
119446
108474
407
43144
86864
28727
52330
116951
8819
116511
5820
44821
39071
29326
42261
78993
50073
105923
21528
111851
109134
80430
70652
92508
51582
91425
117112
81565
60766
64609
37863
97373
43007
110542
112556
110024
84246
46796
13291
89624
22416
30688
119591
88909
99074
41649
62570
71707
21145
84519
18453
2309
107436
98318
14746
41073
670
47901
196
110959
15558
71244
75423
1860
3042
103308
5320
87597
20512
29561
54135
103107
50537
101691
81127
95995
115162
109720
119775
68284
108629
57340
65031
94157
30493
90916
18187
33491
54340
16275
40594
30330
76484
20691
49923
47770
30086
101130
28148
64428
118039
78423
105811
9833
104828
117180
33527
118887
1203
36248
71948
18712
119426
38354
62580
48469
68975
119434
94347
29337
117864
25494
107011
16646
29011
104554
11223
110438
91099
89929
3403
17065
14902
91923
1319
56553
81480
70354
25604
32681
52872
52460
38488
14440
61535
56639
13186
55932
76408
62549
8037
108165
89404
75119
106933
77205
10117
32693
80698
107791
65394
27159
52956
107577
83956
31184
65191
98164
39453
28279
85361
35829
116026
203
17793
40968
91950
106458
23714
23666
20852
77112
24980
54949
2317
80549
8800
24479
27124
66369
77547
3391
76762
24127
36436
15066
22411
106756
13503
106967
47669
111816
116395
82821
60911
31060
44319
46574
21905
117564
35895
97477
33364
49690
84416
93964
89557
60421
93480
90863
53971
57982
26355
93684
4942
94021
1191
115923
95220
112043
55754
64499
67080
15960
114083
27163
56190
101684
41382
67045
2265
73946
55480
25268
67841
93078
80265
20752
53581
114971
80051
117019
114899
23353
61085
12377
81420
3440
93948
11816
15727
54283
32837
101545
50919
58691
118962
53324
10671
55385
80710
100744
82807
119897
14472
115267
59596
22850
15425
50898
93067
107911
71775
95738
68899
34549
96529
546
110597
118978
60051
88267
70460
73671
39297
110512
19816
112561
31741
77625
97580
38500
88767
23544
85537
119342
106003
51635
51471
84843
51416
76972
107732
85409
108715
51724
108921
88892
119318
100165
40030
100830
93297
46248
28695
115358
44504
104441
2991
6850
74474
38495
76724
88074
50072
37050
4582
72935
27172
35667
61758
88747
12298
68204
112064
82991
1125
15182
26485
78990
52362
22195
88691
100684
1248
55118
112381
104698
23131
109955
109068
65458
65047
95137
88348
81650
82669
94850
37429
477
34750
54767
31861
107142
36020
6129
51773
22239
38811
50176
63253
32826
89292
35762
82433
109074
108527
103788
79857
99792
4973
52435
8964
329
61842
30367
27545
36385
4252
92792
60450
92952
93936
66291
69810
107781
89170
110921
31813
57503
79705
66057
88129
71568
99787
75714
54478
8514
79320
90675
95164
45009
40659
36677
58384
113078
108882
61714
14486
19883
89458
2494
104783
64256
72551
118075
25934
67452
63995
47763
5374
66396
66045
70405
60934
3255
71464
4914
16498
16667
3659
11124
16160
24018
29921
106441
67745
37410
30357
115071
98258
32136
95852
99017
70532
64752
69937
5198
76598
90355
52384
34318
104038
102355
2997
90021
10517
63185
67779
34747
111617
104556
81948
38647
70146
95887
89483
60050
30240
65323
86381
84021
96209
33036
96486
64850
42149
93392
9099
55778
36492
7554
75800
45748
52368
93528
107020
107341
46466
55420
114510
92423
19888
50526
11900
32439
95425
59156
69067
70731
107913
60705
107177
22096
30446
71088
61095
3580
83894
20106
40424
15175
31482
50602
5378
92586
75447
88629
39370
486
37586
24208
62635
91361
73483
64338
5477
49205
59841
85610
78644
31400
33934
5054
107470
53233
94441
58726
49732
97557
79129
28174
74976
31788
118201
22106
74147
33315
31389
26516
29743
27818
100016
42789
72747
20117
18495
91632
98049
20654
18345
114543
71739
24005
77526
92206
4137
54641
44619
6164
16735
50241
112921
79484
99167
40134
41602
89781
85953
101098
84989
42935
92974
67756
73627
93249
76288
48596
89042
98237
84531
14553
78530
53426
660
28521
106288
103759
38718
106803
7017
25656
118568
74530
109701
113836
112795
79124
101972
18990
87234
61924
47827
114979
11130
23399
9640
100422
19661
68329
68367
89479
97924
89038
13987
100085
69238
44196
70181
91423
117308
17891
29694
55336
69646
100673
65219
48398
19345
31876
42780
112607
114276
25295
17764
59549
84526
114783
107009
24716
29680
61904
108455
54971
52377
84400
101189
118076
47695
6572
22152
103158
96825
58055
71732
93569
71404
76819
84910
53712
37195
55210
80070
17685
101462
37452
35799
32673
112082
117327
81461
29304
33250
9563
7229
35328
16235
