37443
55079
7676
104728
84622
29329
105535
86585
107592
73133
52586
69054
26514
85586
51602
62776
78250
12201
73095
9991
68214
27443
64370
112465
24240
11229
81937
27737
85173
116036
84128
63737
47177
3777
96195
108996
12497
31046
70679
81867
53122
116232
1329
40632
89731
93490
88038
87403
67032
119801
96833
85464
94117
23506
66773
97855
73127
100182
90944
80024
935
50560
18058
21812
73489
12452
2203
932
3287
85922
112477
43717
63257
40338
98789
83265
348
31043
23216
84170
49754
43649
8896
93101
83029
58477
114293
42329
6709
111744
119472
46700
117919
51064
50361
27960
17421
101267
46493
94780
63190
51328
6557
21736
80270
3839
67487
69044
86951
8641
82557
109149
92801
18673
109502
82119
44699
61247
104466
106294
109002
108340
73845
70870
63923
85489
77067
