108336
47999
80484
70272
41818
38716
33390
20510
79276
108722
16291
24091
41004
90325
98177
118532
101392
9239
58094
116000
13513
114806
71857
48903
36250
89952
59928
45919
74198
70159
10579
102658
99916
115967
46648
91250
872
40102
67085
10678
21456
103487
88474
67396
109810
45454
5325
108395
85539
24900
74357
26779
73846
54604
12684
4746
18750
35957
64554
15650
39407
5037
21709
53564
72859
59645
4805
15738
19524
48373
88076
117947
9180
12841
99538
33916
46372
119026
117213
42257
84252
69946
95918
52803
85077
68869
58344
5105
114034
77932
19432
39415
72896
21441
107241
23998
110242
76857
38207
113434
48113
26002
11144
108871
113647
21567
92918
71840
1635
67678
10828
36453
15997
62804
93000
9189
82026
19820
110747
110137
10998
21139
25747
114873
82801
116727
15142
70717
30922
54528
78822
18809
4762
99449
117841
111587
71649
16881
109536
62806
9318
36877
44059
4095
62766
15899
41357
16371
110102
45577
25083
6716
105387
50661
36806
47730
62614
33160
115443
88532
58573
83328
73514
48490
8441
64810
113699
33104
57668
97934
89521
19119
68572
112555
60408
97908
109799
79743
9417
64287
13031
33161
115813
31116
64156
103119
65500
14936
8454
59505
118747
60603
83768
79001
18012
36788
84981
110141
53620
1714
62884
81718
3666
24773
41593
34102
58848
90277
77500
57840
73372
11457
92798
67499
52623
118537
87840
59425
28358
29890
58770
32618
90279
94450
114570
80978
3414
62628
84528
89761
119684
35362
27406
52367
17864
32737
2097
84827
39234
52073
68650
103114
22743
29734
63191
12848
15058
61067
46490
63295
83126
56304
58168
65974
33803
23647
31966
85037
58190
69848
51424
65771
53135
102547
57629
44078
23827
69822
7769
55468
45167
15480
45455
23308
15180
85838
3783
72480
95761
29050
90139
90418
11758
113174
98567
9837
13482
84657
115105
15289
70465
26507
86446
80174
41787
40657
49602
93536
49248
51728
7751
29442
100927
111421
110692
64541
118107
77277
77070
110674
57426
62330
48286
23143
55840
79817
12675
62972
10437
12524
29906
7908
31802
25985
119865
91970
30219
69518
53008
80510
118671
74720
11428
18468
39113
70459
85174
75907
35316
63016
7215
53335
74743
22704
110458
40909
13158
111750
102255
28905
94508
71702
19910
19962
6634
19599
47004
107935
6642
80722
8008
30290
17797
28076
11207
62170
23015
51595
590
53916
39869
101817
71465
116149
86615
50846
48129
15742
64998
1126
11812
115237
9497
117676
3551
43697
25524
87300
82390
76215
56524
119930
3172
55547
19933
111887
12472
115625
79018
65783
31343
87347
20239
92316
45716
50245
51237
107322
49982
34426
111868
82272
86492
113728
23936
14947
67778
46462
3394
66685
94268
84082
15709
33241
37152
110241
106405
2082
35780
10917
51278
76515
86265
48075
114154
2173
97621
80059
55485
97381
87925
113164
55801
34566
67597
46128
96385
71095
27653
81424
25634
92440
35531
35168
105619
44182
49405
27814
113423
26097
38236
105632
76002
118410
34601
75640
43667
23158
7085
87949
7895
42445
93907
81874
11730
77335
41400
62300
92254
48885
80057
28837
110839
66262
19014
3085
16247
54202
104403
116351
102971
38089
81307
61216
104055
30408
98201
73264
41033
51343
68499
66980
104631
92245
34958
83520
69718
50904
56765
99199
82911
90744
29000
17073
100078
47065
108222
32322
28378
19518
17448
68334
41907
57176
80076
36449
94722
68196
4149
105622
55276
101314
67450
27343
115947
21518
108364
35018
42873
98233
32431
70730
59806
2110
70304
7115
58306
65350
27484
44444
75738
14107
118491
101548
111976
16836
33179
45452
37823
42709
57137
14587
78183
106337
57851
46362
7261
51726
62875
9877
1798
80532
52897
81388
108120
110579
29447
92342
84529
36565
52296
69772
66012
36874
38422
17687
44707
72893
27059
4169
104327
62984
77091
20059
113921
64069
117264
18239
94478
23654
82411
68055
65036
2380
61432
55193
23339
14722
116060
45734
46328
6465
4434
66471
50326
2054
8627
33260
84496
26446
13082
4438
59823
14112
72049
66299
70974
80852
8922
18882
61343
86291
33272
108791
59188
74849
79393
101389
70718
37197
88393
41227
116185
97051
98339
12894
109101
46236
58735
40838
90285
83434
100436
11688
90548
118374
41282
63519
28508
31979
92846
63098
44405
20613
105222
17435
8600
116502
81626
109371
38595
34140
78099
50081
48374
69499
92717
20488
65467
113045
41169
16933
36119
56108
56667
98962
24342
24343
23172
26762
75723
61620
15549
19191
90029
46603
34760
56827
7817
79247
1556
47495
67754
95382
23374
27290
115350
109282
11173
118187
65955
101120
69007
27788
15095
92512
106146
76560
99087
43325
48914
58858
8708
59305
27101
103139
113961
69644
8662
96411
36476
42104
32690
20916
76230
103174
111073
109285
32295
28830
98395
57738
8732
114932
32065
14505
114602
36269
29108
111082
1622
8618
90074
118194
47193
25455
43210
20039
52155
21140
39480
30854
87769
10036
68915
45895
105382
41201
30317
41360
48429
3886
59918
78460
66903
45901
57746
47530
16502
24985
42509
92816
8711
109529
54223
109433
22749
26067
20082
78456
21050
40939
23944
67157
72068
25429
51975
79809
91373
22269
100686
103029
50821
115880
27527
23010
23370
39308
86377
22695
28944
11848
115022
50162
38059
44061
70513
5792
100754
68861
89863
89745
69308
16874
28118
47082
102691
65495
117301
75307
100966
50256
94237
46269
49854
114987
112232
49482
81221
75523
54716
42538
103109
93969
57431
6953
16560
21463
112714
58293
25075
42881
77326
44665
16403
3976
27863
43810
26920
60275
132
103148
81273
98244
103737
117697
56715
108265
21001
95420
99508
7403
8112
88354
83308
4735
21634
42830
65658
77658
51065
57059
21129
76346
2768
21106
27511
105252
104845
27169
104910
24451
114625
72583
3819
58906
75697
74639
97887
33529
24615
66361
21200
18897
71162
37563
21747
