17951
87475
103356
76269
110066
67243
99011
38257
7672
107575
13231
69988
17652
77133
37498
77909
24675
77376
82797
105183
8204
57821
7421
38444
63536
92479
4790
19157
27776
24340
29368
111584
908
62842
4869
67776
47244
97029
117243
118130
26437
75251
96967
62643
89815
28730
8855
112992
96591
119924
88071
100745
71145
9061
102666
74274
107573
81831
73440
44675
104481
112445
42964
42252
43341
32384
25437
64030
76112
105042
3367
3029
92933
81999
46194
116999
82349
108734
60027
68552
32779
105954
42194
80576
7670
10689
53436
40514
9195
60146
21070
25107
100846
2390
57214
72831
103693
97948
76006
68822
117547
3718
14271
69693
89710
44806
40726
24179
113324
110853
43327
91296
3752
63891
47712
86701
42291
73712
39651
43331
106585
26175
47090
101128
60070
4406
94525
3945
101577
60262
115322
109557
65765
6134
118281
12844
97758
119902
53787
85977
115964
88294
19068
102068
98893
77553
31612
57272
49553
22541
30601
84848
31969
10696
16861
81390
77267
88648
42236
60023
104044
30964
73478
2610
23751
31102
18179
19241
70483
6813
65514
8410
75528
58439
74524
9664
64230
16433
55199
49960
23782
94166
13129
4319
119639
41741
83840
69318
97441
50660
10493
41327
70097
58625
1873
62460
47932
67818
110468
2719
7129
1429
33445
89987
4769
43095
60932
113683
99081
91618
23982
98601
74928
36163
76860
49618
74428
29477
118150
21103
85861
55756
17333
119942
37390
47067
88350
8021
27791
47738
15265
76864
82564
49676
33261
95730
7289
59325
112081
105589
15458
106374
103940
43707
104144
104580
117048
18513
82245
18139
39516
78254
60148
1347
37327
44862
52916
2959
100580
5931
25594
57613
70515
58050
24332
91253
102081
114095
39134
65006
82755
59109
39743
68409
67364
37695
13986
103667
103241
92159
23588
94216
74815
115480
36873
100124
107131
54127
55853
84032
88805
119884
8497
84549
2076
54040
57274
46610
12220
97268
45177
95045
106600
55664
18434
9535
115148
55623
115217
41647
20004
3966
44920
100
39649
8872
2064
71291
69336
106737
79847
33764
44023
27808
36752
100669
10518
34733
86539
32797
60267
111400
58380
88342
6956
92144
18387
111726
60437
67235
99513
43092
117324
49409
102237
86496
69019
64800
40618
39982
87108
44026
34658
28129
51418
46565
116675
14733
97274
15566
40033
156
118514
38721
110993
34493
33554
69804
1552
1988
16985
113641
111980
90460
34351
45003
18496
43869
91418
15541
21146
77523
118919
104478
57683
11242
30898
34616
71494
973
100807
73097
87684
63936
117060
3517
77924
86602
70783
53886
85139
61173
10162
8161
106926
67398
32278
16023
19630
93900
85513
67886
38926
21508
118868
35572
85049
115749
37391
105600
53179
97110
63802
72485
51251
65667
7664
64930
35001
8109
73501
41191
46421
24414
70618
116115
86724
99367
80589
31161
24948
16225
89007
113227
49031
57599
3413
34423
87121
10296
49755
97809
105458
72534
82806
109454
76825
8327
98744
5033
17581
44473
23051
95837
50607
42053
101809
23472
47533
70379
101336
61536
67979
14865
26353
62338
66413
20943
101086
75585
94537
106661
101201
91505
62352
115169
93390
58585
80097
46556
106488
112109
54930
101934
36721
92888
83917
27027
57339
77863
18943
35710
16095
17407
103742
47541
115899
117884
110666
100282
27869
47850
23812
114089
77170
37688
777
3339
15924
18876
32692
96031
104979
34213
20836
16445
99039
60831
90884
58076
48217
96669
108631
5482
58183
97406
12256
83546
24955
4593
65777
82321
50528
84513
10434
35529
119634
109076
25942
90606
49357
88550
86212
94469
31175
54184
25241
32143
71813
93217
94257
69707
92188
80192
117490
54998
102209
113780
64805
34982
102556
93747
5277
24961
59623
36447
95287
63487
41347
80528
94116
17034
13275
54596
68640
40786
93188
116012
106490
65655
105499
60568
78975
90567
10273
106872
88213
63040
497
40207
119783
62667
109325
28095
14886
117515
102555
67070
80327
93045
107919
105574
13410
59880
5365
57625
59568
26814
9674
62753
18109
5563
9701
65745
102696
34959
43950
69226
78014
82655
119687
18894
18788
32789
11913
74689
15617
1437
5002
84530
116281
81454
7836
43218
11899
105914
86559
67806
51117
33441
56106
28252
29780
85877
23089
30754
52059
16692
107299
70749
110271
40129
33268
92110
98646
48773
98524
77754
112917
106595
66545
95249
30268
42598
67559
20424
84071
12619
94277
71950
60199
33775
32189
65543
1986
53439
66338
34146
16695
44071
23345
42897
77855
29472
18625
26489
30774
27538
25470
26351
72976
108208
29861
3598
21550
64147
23479
5371
20737
108092
110775
17965
97526
89414
24531
22735
20981
2756
71312
50490
96408
114918
79153
32178
63866
29677
7734
7555
3616
40593
116962
14173
76319
50876
79525
16325
53431
79881
109474
74325
99880
33988
75401
77696
82535
14500
13173
9635
79422
88642
114256
97218
80298
27862
43128
96418
48310
37243
38562
78699
22904
91868
87657
69763
11530
46061
113637
73904
87554
82497
116089
93716
19127
114926
117383
97648
23905
51814
75923
17676
22294
110664
10359
92951
16207
65665
69026
83957
92450
25635
36951
78101
77822
89872
101986
889
63792
58731
110107
24083
61201
78270
67887
34537
64232
46432
53291
57827
84285
39753
67005
32526
100746
112116
101516
118385
7397
61277
63765
110157
86970
84866
98975
7733
106176
30369
80725
