83237
102884
87859
50019
47230
73877
1912
60299
54167
68639
95765
36056
13822
43582
17248
85134
74672
99575
12554
97221
26091
49644
43657
106472
53889
55462
73570
24281
106427
104170
54888
103320
15214
7087
94729
105452
91940
83950
45956
95181
83570
66082
42536
64595
62010
116985
16588
71119
45949
76332
89780
65608
29583
10298
36856
14415
81966
118174
51796
80244
13349
107570
73383
10495
95143
42875
12988
70468
81317
5790
9909
69486
2015
366
42025
47392
52079
25833
93467
43237
37332
85912
13607
55124
71067
3739
73786
66682
109937
118404
12525
11021
20574
77142
23002
76433
98989
40895
108236
82845
27820
60303
44170
66100
54132
24891
2572
54874
110672
75858
87507
59666
99369
86597
104393
93588
17359
77613
73497
3325
10949
41550
49983
7613
27979
50574
95622
116711
67113
108575
76369
44377
98829
61547
85179
1266
33082
16591
16230
1483
70979
98426
9317
83133
111854
44798
42820
13437
75198
80791
75540
20786
38343
97466
98402
40497
20125
92126
106013
73290
67040
119340
99495
96437
92436
113440
45399
13383
16271
16237
90177
10734
97646
90515
40961
24650
38499
13078
69662
118285
55055
57493
97430
48532
8151
418
38681
64222
79773
118631
104404
118925
81705
7202
53344
78795
44520
15736
50140
13941
61551
112562
114425
6217
103649
101282
52457
66156
43286
72665
10137
109211
55442
86878
30028
71287
70525
102125
64756
83037
63396
98031
2543
100790
89992
43938
72515
56754
99187
84382
68809
37989
118219
102159
12312
78640
85914
78303
54914
91042
55408
60425
31784
5448
87989
108564
3877
37300
344
110595
22324
80743
18430
114284
3523
115900
102114
94765
73065
65035
18068
10779
14953
41344
7445
88573
9633
48936
106827
97170
79694
71964
12782
15986
30299
39576
28860
10250
43117
539
45285
79382
76973
85654
30611
7118
14469
24830
88586
119117
25592
77288
43030
90998
80374
111318
87400
45120
78789
43669
116373
100722
45297
63492
37203
33829
57118
60078
1178
112388
63794
76004
93153
31676
52038
87025
29312
17819
19232
17149
94733
100442
17673
49634
119127
24213
50128
53738
96337
31793
43878
60388
65803
3737
115428
1587
23034
24871
88902
79615
28859
82374
17467
92835
42156
35057
119350
68084
34634
50324
91685
2754
65259
73519
89744
117794
45721
32662
81440
27251
96500
20448
37489
100331
36948
111589
109370
9617
36598
32412
22438
35112
113040
113634
28155
100678
107385
83144
74673
96593
16626
99512
107938
78684
91258
7748
13794
1570
114228
78705
114923
8846
84378
29962
17207
117575
48749
