55713
37467
101595
18713
50004
86627
109599
72168
42378
53217
82412
33878
59316
67501
43256
34613
23193
63456
112373
13569
38493
100865
48587
1938
14821
17515
81603
92461
78907
70674
98112
72921
110533
54034
73414
28349
35925
40874
102707
36157
44701
16800
25698
109875
115412
98090
60104
13312
54809
96971
86796
46322
37843
79704
53482
100141
55315
52304
106070
39032
25993
29340
60132
24174
162
31229
75170
2031
27895
58712
25911
116247
106419
22070
96628
74424
16792
100599
16610
102205
77776
103146
40034
96998
73422
93418
13628
27045
17122
100779
22314
44338
105148
60462
102304
80717
2492
8704
42466
83450
22107
14837
91713
1050
37667
19294
115212
13264
78461
43890
89444
42298
33636
104535
84000
84290
12511
59735
89191
45859
89733
26211
68929
60984
100701
59801
76249
60536
59670
88717
78337
18867
39551
84251
66411
108775
63438
44698
24477
44281
11685
11284
30654
43206
117670
2736
35970
79866
105035
87431
14644
59861
53011
44655
19203
14481
114931
59108
66997
28708
23572
26330
28974
68760
84083
87953
8902
5705
23761
62436
76601
48248
57940
34680
58642
98076
86309
14273
53556
13328
444
41131
61974
117819
116815
28402
86223
75592
111568
2727
52369
27916
27120
43069
38329
110272
81789
25431
52730
74544
106963
90999
5608
44877
102887
97363
39808
24753
64385
118005
66664
1512
48983
44063
89395
21687
55223
58125
29723
16600
21734
26288
50562
40255
26054
47693
42572
44671
117107
52965
90598
43394
73987
28267
95162
50089
14798
14178
22493
52805
99414
101177
9408
115830
49072
18374
47561
78621
60683
34186
91823
64191
9054
108291
45005
107031
90090
60965
21052
105333
46176
56854
7820
112482
37174
96202
106212
60239
14279
114820
25142
55814
37941
111157
43082
45459
112424
14354
25817
94214
30381
90579
111611
98442
98879
59271
5634
20411
32053
64224
41853
19118
10538
25201
36932
32951
68905
83244
84522
62077
108950
66112
38970
19520
69564
79577
56252
76174
66534
75274
28188
60144
75854
78558
65864
7795
70967
15522
17325
22817
93629
60336
93658
117931
105665
63304
19769
90235
24613
36800
8860
105361
115904
26021
50965
88623
26921
59370
101466
73582
95088
112415
92234
23389
8698
114976
101580
73249
26127
36107
84339
53182
46922
71196
19240
55522
76651
18754
84690
14796
43719
11769
21329
52840
1162
119761
2269
10923
109686
53424
33976
101693
104439
21111
