28609
43896
93031
11902
109308
64628
4395
58938
16825
93039
5905
26465
27705
30036
75346
119058
109064
106609
56400
76580
14308
25348
83645
52159
51761
117677
30609
47014
89366
41334
55882
11025
8768
76436
84190
50198
116177
2721
46715
108111
13241
114594
86717
119906
106532
105426
21794
92303
37949
34479
30855
87731
103129
90193
21625
97294
29672
118357
35798
85848
51837
36097
68871
92837
78402
65923
83504
40321
19760
79317
14375
3892
43513
84218
9985
73170
118629
36197
7758
90386
79036
103025
29964
63987
638
27998
93929
77167
108563
752
46494
71443
118644
40335
733
73371
51754
87255
47930
11188
34818
92967
95263
78232
62497
6689
16506
51449
59997
43399
10510
102898
20156
107509
51549
22571
63680
99012
68693
34320
2732
48994
23802
41581
6102
44786
97876
59284
15151
35119
33110
78088
58071
39249
111442
20428
63617
62509
35933
99198
115524
96707
62074
28666
82156
37824
58042
54828
46213
79458
47767
74118
25650
94397
102194
5032
56254
109975
60635
100843
12318
65981
14485
23803
64691
106599
27474
101022
113187
17995
109579
40876
15367
112976
66271
27733
66777
12657
34107
45437
104751
29178
94221
24537
9879
35630
40621
32562
65534
65329
75480
3930
66056
10591
102419
12551
6915
73021
6175
115515
49882
30305
10685
85518
30796
34902
19243
49873
52908
44233
35273
91376
60725
36733
63100
10749
118215
84928
24139
39873
15958
48733
17320
70552
37817
61773
98433
42340
66107
96030
59403
84024
78553
7673
103066
86698
41331
49668
94953
45023
100661
76296
2944
119470
38640
36093
7717
83959
8878
115467
86550
106745
73231
113692
29478
112667
32975
13524
18762
4130
91714
90392
82712
56253
38051
100037
1107
98850
43873
5285
7668
82995
30644
48153
98003
74626
112962
111499
119575
32342
101874
52441
114102
78495
102407
78779
109421
75996
71000
69259
77829
59727
9030
17198
22603
79401
112236
117662
58759
69178
70295
112437
88515
67666
7793
66294
82372
110411
66026
55878
86195
20055
2646
54843
14752
94280
38507
65944
72821
112506
48832
28678
86735
18366
94167
27
81377
90234
23672
17538
116183
27877
111445
99325
90729
96149
72408
113730
79720
15680
99310
69020
117867
37146
54447
64334
56356
62283
65576
79178
2689
60286
66205
98541
28967
49717
112638
94878
59634
45531
15091
25094
75863
34106
30558
7063
34030
6224
118181
30552
51342
101647
51566
94668
2486
56500
53766
73176
90073
47298
21472
26520
69783
64294
24780
37837
63166
40292
66588
44563
88086
95153
71141
113526
93150
87401
60643
81214
29664
40877
76095
56496
11470
38885
99697
5620
59164
66930
3091
21322
59226
67024
113903
111723
59832
89949
64062
115241
23069
41268
42364
47886
75644
83316
116669
89810
85341
905
99704
117791
4964
24375
66313
61666
26142
88812
75703
43955
62256
105606
62232
54272
79712
40600
61813
99814
116141
59228
43802
100757
37347
114122
38973
73256
1491
65544
113542
91365
42302
13202
4691
113893
12800
86689
104945
86672
62184
69498
70529
26385
31994
13332
109936
71115
109753
84129
84518
57077
46458
6704
9518
33571
31050
91074
86331
47128
111941
57262
18540
36986
13605
86549
109595
80122
22218
83451
81219
33843
58178
1727
33666
11578
89514
36102
119299
111398
18321
93767
6096
109322
10816
26699
81459
17748
29745
5490
18414
37889
15134
48599
7485
35659
90689
21751
91085
88364
7142
58655
796
65126
73355
7849
46383
37273
14111
23246
107493
18500
37034
54545
23694
11101
2417
103535
116239
18214
5351
89572
13968
39231
99844
75248
46775
72804
68791
93721
71790
112229
29770
49535
102656
113530
89536
75674
109779
60687
111050
62294
46444
112619
63348
12508
12441
12258
32586
34049
5902
89752
16935
116965
81797
117157
58387
36709
14227
85460
92551
76290
90207
116345
38091
55660
6637
31222
93637
68963
53898
18450
28529
117370
56980
49249
63113
98075
78007
43046
3703
13998
105859
82867
89151
91150
119161
34095
21835
72063
53929
82143
40932
73426
4666
105899
49858
98746
12326
8326
118657
106095
28483
23267
49816
101703
19113
51562
82378
115091
91421
69781
75464
60709
66691
86799
49235
29520
2004
98822
48751
85314
107073
14293
69404
41742
83946
49496
56736
100500
64601
40453
40524
39222
89539
19987
2753
75890
17985
108554
10755
38334
4262
88029
70260
19269
90180
109275
90114
74323
110452
47811
81212
108372
49062
118426
47832
21249
37842
64895
57009
47680
36523
9995
60315
28797
105121
11554
96626
71809
115839
18686
46256
8856
64762
103055
51255
8374
61892
73932
18875
92203
40063
81129
113229
79353
114733
73333
117546
91596
30393
3471
17225
105383
40789
85425
4724
80559
27762
4157
30959
58195
9167
10181
79133
93197
28143
115019
8518
26289
118183
86708
21099
41627
96994
109987
19525
7317
82621
71630
84442
25312
65475
48363
115227
107307
55923
9788
39785
54282
57140
1103
6124
86196
99002
108940
36930
56501
45675
16355
76783
81267
98607
23350
22337
15848
86510
97090
118606
91202
75197
75794
17866
17726
44755
61206
48544
91911
71832
117452
94989
57445
93430
41902
8125
7575
86417
93581
100082
48474
78247
97567
18037
59016
65212
115734
37607
11212
82711
9948
96476
22679
105020
23543
54106
107089
109458
68210
76527
34533
16537
2599
36681
7178
26101
9934
28495
44009
37990
43604
7423
43859
77450
11928
65642
114183
22003
97551
115069
93630
61322
60496
91481
69138
49468
105349
97761
77396
83580
81823
26806
48955
104999
105890
11845
100579
59005
1451
76049
57654
85818
51372
46363
100144
100520
103991
29019
50399
118800
14368
39563
117047
63280
63529
8468
66609
55691
98553
49222
66389
31391
34294
80542
74819
74540
52010
61826
89469
36092
74020
115014
95200
27330
108967
3896
43502
77489
41868
15203
98960
78190
1111
115029
41932
15636
119909
112002
85327
4075
35107
105267
26380
45433
66423
1524
8603
111091
108663
30040
11664
26948
119565
68542
28871
80915
33681
63753
32133
42274
67307
41826
32670
103293
14302
30385
71051
108795
93089
79867
74131
11248
23113
39243
20074
18373
11216
61049
34751
55473
10174
106913
13169
57728
81675
95594
31241
70696
69125
52611
24593
107531
62142
66704
38218
70867
29581
37866
81321
94590
107079
7032
112924
34233
56996
41691
111037
109847
26566
12700
69596
13212
108353
21889
35582
99959
48387
107568
34666
59498
48536
17664
79642
76874
47861
73910
63129
111990
19450
95133
20119
101729
12457
32114
26553
79810
88772
96552
3347
109423
29147
35526
72044
59144
113844
56656
98834
87659
39203
19864
48230
86110
1088
103400
10831
36805
105258
69425
71161
40328
106279
36916
43902
86551
75059
15055
9249
94647
13310
46204
51961
87827
18498
28664
91214
54576
58294
116984
84371
23741
48332
62817
5108
71058
25229
91209
109960
109877
110370
77059
80343
25686
3249
31479
110529
19090
112819
2003
17163
80047
119283
33616
64622
73709
115670
95876
13572
92141
32901
26750
69501
2342
2379
42616
95982
68564
52830
25274
49620
105026
77586
38043
41342
115238
110467
46233
94594
17978
28949
117021
114380
24747
104335
417
45727
107453
62589
34772
114260
119938
103067
112277
60117
97740
49852
83406
70300
105949
27823
86520
114144
37772
80584
54599
70127
90750
4676
12780
12655
16666
110085
61109
96762
53178
83633
35530
52216
49478
54622
29582
44446
71289
10035
18393
48894
32232
42747
74647
39089
81525
83082
3262
34798
117650
59845
53144
105010
14258
83624
110287
37432
71801
80126
101204
56538
72389
97345
27339
19639
45761
78181
36551
32539
46056
31023
100897
4975
52834
6329
105858
97298
34272
47597
64478
8399
116331
37666
6975
111704
83075
44094
5244
108728
86881
10686
45585
87339
44115
17453
46146
109047
28998
3931
81825
73747
114346
52268
60453
48979
34682
18899
75391
119357
68668
51794
11066
65886
78090
37501
63957
19358
9274
91708
4852
99522
119344
33715
45966
7693
105146
76664
59474
50864
10022
38853
105567
52065
84223
7040
28175
113747
24222
60120
43333
98126
88115
24561
45154
4963
113008
18997
55510
93825
30453
91073
73707
43963
8360
89322
42516
30789
110294
27562
44459
28284
35984
70461
69236
44830
15373
39302
7336
18364
64764
77046
102131
63669
50863
54939
104438
94648
21306
96055
88176
68311
38273
4172
104986
79835
10240
57039
112822
65857
99510
106725
46000
107061
68721
40587
74700
103068
86346
64110
61086
7468
60017
59707
101712
50415
51231
71604
31376
49458
77234
28426
119154
52088
84462
14253
56021
41513
12431
105095
1352
28089
60476
74765
119392
12479
83165
43390
36701
54348
24147
26922
6786
103359
80577
8397
84916
69696
52943
65582
39678
80657
97898
54880
49310
102173
93650
8190
99671
26491
81983
32528
58255
70701
16701
30309
105723
93567
87167
9078
85217
66371
57747
110067
105406
66584
113924
47787
115304
109206
53054
100633
115445
6414
118635
118229
83439
42141
79222
110347
65372
29308
20599
32995
79361
95753
50443
12315
89500
33743
71528
52438
8575
38184
70723
118266
104588
14288
13402
93708
46679
7007
77868
55745
62033
2712
28824
67763
11386
113118
34319
104307
50751
68359
108787
54218
3674
57678
40696
56957
9965
27190
87140
90645
14395
92006
31407
30091
96924
101408
18868
7057
112008
79871
27992
68555
68303
14604
64693
82589
107014
22282
59911
3520
22277
83514
95733
954
32940
24136
119518
105323
77456
86971
57279
40288
106388
46162
25228
113196
106497
60091
18705
94477
82098
86587
37491
10652
18054
80302
13577
72249
96809
56392
109998
98423
66049
83447
26169
57180
92905
62935
59526
24568
8506
62910
119609
42961
8184
104003
111691
39655
56706
61165
95205
110652
53845
85338
28353
10011
35587
78569
63632
57473
37569
115774
93769
81759
41880
102546
15354
10047
42016
65873
67834
65418
46186
89383
49594
63366
46085
11381
13462
58700
17847
111958
119999
61191
71969
84491
8668
2729
116560
114121
118634
13970
77118
60414
103357
65672
93996
73218
115903
38380
75239
62711
11074
50337
103985
108231
33056
16910
23825
94825
24890
11258
75011
16799
23214
31018
66436
66978
114342
56412
9652
88050
61114
103445
107780
97368
97359
8283
33705
63569
118159
62745
89107
89490
102978
9410
60702
