4610
45659
10927
112469
14386
59676
85192
104186
6773
68517
10992
96557
97972
24042
66696
27509
3601
92402
31848
60371
76909
40688
38666
118427
34159
10759
101970
113225
26789
104900
20103
43568
103229
8976
25669
87159
87473
78455
100838
14408
9435
19647
45017
67166
110403
95516
49705
74866
106184
62304
8897
61112
68731
54328
9034
100706
111688
15774
37010
84043
71716
53500
33826
45532
73462
49707
92978
113358
33156
78206
13364
105124
2701
43081
40122
18148
105634
28768
53824
61644
97595
96523
106139
1
20802
2382
23994
44125
47896
106679
41548
45217
53077
16426
68062
94372
66283
40751
108499
45638
54743
12796
29893
109498
1228
82069
97800
15309
98525
57969
71726
59930
22377
103622
20454
272
70221
37787
27676
91007
87663
32327
91216
93942
56807
25304
4757
46441
6106
97048
115066
32564
51968
90184
10441
54531
79370
43444
99387
114219
116306
93397
12938
2018
3250
42639
108698
116048
119337
29738
20021
8108
106882
20991
27584
53283
97089
50648
49491
43993
63839
74181
96200
24499
86202
44981
7996
48971
22918
37437
76658
53876
44941
113091
59421
53933
9963
115513
6723
25816
115732
4247
5555
59535
90226
86603
114081
29529
107876
112155
7988
7696
96923
81621
104641
55612
45313
8122
45310
78504
77131
29053
45387
77544
111556
11959
5070
39726
5253
16123
4094
104513
115631
45986
92477
95838
100521
85885
57387
91929
63890
6828
98836
77600
82930
58196
98557
85856
102782
