56454
71619
87179
92794
65558
5617
104546
50477
43671
55236
113861
12578
24382
117667
100908
17737
116003
91678
98213
63580
68568
10809
46965
118541
10283
39849
6791
65360
85450
19804
82953
51923
70663
84756
96922
45883
32657
87789
58256
60211
63371
73895
72505
56695
118839
87256
42379
77098
102538
43350
35008
19054
4066
43601
60385
17302
114815
82732
36209
67520
61651
45372
71826
833
83220
18622
86965
113088
45851
119222
4336
51997
65150
34897
83464
62869
90923
65595
79851
21963
10339
51391
88015
100211
29157
33271
63074
110365
105796
108182
57645
70422
88210
85371
98965
81008
36321
51596
96278
58686
95553
101612
21602
24750
96705
56260
48600
7193
94921
91333
60350
43695
113480
53084
80847
102180
70556
8783
37153
33170
67688
75848
8615
65506
31062
80796
3351
43073
91328
55275
770
96763
46758
43854
51479
76740
79879
3196
79333
71796
99192
82483
22054
88645
8796
119579
32387
83935
16446
102523
9431
73296
14841
72557
84854
110611
72143
69402
17386
31860
38822
30792
68974
55259
80947
62402
98136
102126
16493
106317
92700
8792
75856
111067
119695
15350
104917
85917
80425
66433
47610
5835
41437
105161
107837
110281
106916
107096
46101
62148
29973
29729
98703
35511
31764
47269
79321
32004
30402
10829
46274
36206
72113
97729
39355
1889
68264
14692
118871
75779
119227
78501
40330
95578
54435
95489
58099
3058
27690
114422
37541
53093
6897
97273
56159
36755
64052
45080
118703
38300
100812
80165
16007
32385
67165
29320
27989
31150
100455
36662
54984
76335
76584
5391
37252
13863
56445
83658
88429
4546
76663
30432
98630
84182
68532
109079
88535
65835
58807
4564
45349
81247
6152
57257
83051
69193
22083
59279
24671
69572
5839
47570
14417
33347
106550
115478
91414
116164
93441
2337
118927
105553
106840
119664
103372
86688
37911
84449
84307
77178
1002
38702
102989
93867
87243
21844
71471
1110
30438
114909
49050
74564
101823
8930
13192
26435
24681
5088
27024
84219
15050
20671
27883
114760
52473
61960
101722
29626
99827
74159
50770
111203
102127
18208
51360
46378
11722
74068
79214
101330
2865
78158
80809
104911
38099
105926
111914
110857
35821
76968
110746
95176
87653
85843
25265
47085
114990
24051
48636
81123
