228
73969
110140
118958
10632
19744
89712
77201
33864
10001
98039
72405
44366
38121
109511
61511
105398
41858
4949
22788
118456
55526
71518
23354
60362
15468
51235
75324
86702
69742
24482
45940
2774
29327
67577
23021
39187
96208
32658
110219
94779
53172
28332
98334
13088
16379
93553
21690
58762
101794
38776
9196
5014
102393
27405
36850
70098
93920
30058
60850
15614
37172
13166
18645
48187
54006
105139
18839
114617
14616
116175
94937
105739
80719
88611
31736
82944
79662
4896
3646
108920
57452
50569
56948
51127
56701
138
1629
63965
80783
110444
106344
106399
117406
87774
21404
43416
115750
11146
66225
70315
87482
35225
33948
30143
43770
28217
73947
37918
68481
51969
61016
57128
2428
17619
88007
72634
117282
104700
52245
79679
12603
40392
32090
39581
119921
108060
76329
12930
24319
114621
56730
110127
66532
53646
23754
49108
44566
6459
88960
27272
7645
85938
87336
72905
69994
13962
12994
2164
76244
74593
44252
52474
6998
67889
16652
56132
35578
116518
35237
117448
100154
94139
73463
105176
94604
116845
54487
10581
84249
38395
40748
114640
43929
32432
62584
46988
15371
104334
79035
56488
36033
27455
107146
52601
33837
75838
81354
33830
18266
86275
3675
74301
64838
33892
14660
78917
80597
18907
28187
14583
111732
67391
59744
53197
31008
105390
84694
104587
159
117305
47921
118163
17893
47881
71962
56453
50038
14694
25879
19265
115935
85898
42289
90507
38737
62749
44171
99210
5889
115516
6522
106108
30539
7609
98250
59632
55921
102652
55005
11991
95098
99655
19079
20974
112655
14904
63927
66899
1389
29109
76976
96528
62518
87803
79991
25136
89600
116802
53563
61580
91535
20255
80810
34891
77846
21148
75071
55431
55217
85971
85777
51
98909
84912
101206
26108
108380
54773
63447
114454
87100
43388
68021
46417
104346
16175
15208
44889
95928
11760
42473
99862
34852
69686
22812
92050
59649
47353
102245
9065
27965
927
56755
9374
35601
97130
15298
92781
99776
73807
22563
72363
68108
94800
97991
9185
47774
117226
48483
57248
34940
90444
70027
45171
110093
42871
47961
56376
279
36745
65611
31196
114374
101188
95101
110333
57869
86104
36302
79084
10451
37005
20907
81656
18641
39402
102957
57381
109486
80062
111780
37641
91031
46029
24995
102275
100878
58203
19943
53042
94688
741
115586
75412
46714
103306
41353
79690
2895
18578
103283
113061
73663
14741
113603
79551
104266
59067
112547
83005
21741
117133
21025
119724
1742
64657
32878
40017
73026
33354
61525
26874
4357
53812
93425
76621
67457
8309
77642
104923
4673
105015
59368
57288
57792
117250
58160
52151
21853
13053
24562
12393
84907
78331
116337
80020
15233
90954
88130
94888
67321
117190
45671
70940
91541
104880
63246
58643
19108
56349
68774
12570
63058
99135
52712
46788
99561
53273
71360
57110
95842
31955
37297
1870
73016
103967
84379
38585
9291
59668
5453
58145
95481
84421
106308
30605
21438
29246
46586
52168
12518
113989
71064
36305
74886
32149
60269
11572
68608
115097
109447
13391
67082
95411
15983
11533
103457
12574
47395
114366
74634
88460
110976
13675
75298
47503
91487
81263
21039
78267
87396
110515
38581
70414
21782
39475
64484
96362
78252
90528
87170
47632
65090
77659
42761
3774
108362
23581
116166
109716
30677
95672
80848
39220
73247
107180
110280
93013
11825
63858
64495
111440
52571
98513
118851
114802
36961
107741
26387
108271
8193
71891
114405
42251
3553
63679
104955
48038
100816
91515
47013
66568
17750
5855
78154
74349
45569
100369
14516
108163
54064
87043
3619
52683
14965
77206
96313
41000
28044
2447
15763
84879
55175
20392
49286
11697
51504
65311
44681
1809
3422
71229
34987
60818
95314
4251
32467
54094
8282
91472
26454
73684
62921
29951
4306
74704
77447
5188
22261
24361
5908
115053
110603
10346
81326
105091
11949
54101
43112
10320
27377
6774
99330
114935
64676
78207
300
84428
16463
60676
30362
58234
20519
54868
34354
58336
42939
112221
23725
83479
3717
58820
23986
59199
85094
61734
110307
75691
64522
5269
72920
44376
47168
80840
27884
80464
103774
5118
64407
59317
56162
58552
33102
50394
3860
92106
117901
9719
59328
12966
92468
21743
99337
98169
29133
93619
71492
39601
18830
20949
116745
87412
81574
80874
109752
54016
114474
85916
4391
42463
44770
93595
7818
95109
17895
67206
46859
92654
46290
15775
61520
63460
117106
10108
70514
93833
12806
69274
66106
69232
70922
56479
2476
23463
69630
74434
12349
4919
13927
86618
110986
10858
51171
51476
59062
62189
66452
105828
89765
48047
17343
5300
30721
96899
41248
36516
49150
113853
91401
53304
10675
10422
71516
31827
2299
94992
75348
91273
107868
27949
77732
77653
11218
104688
7927
72536
88658
15945
72129
93919
66333
61865
4211
42467
22609
4990
50968
40307
45156
79526
113587
37304
76561
84234
22840
102964
62392
102720
11259
108820
34488
80712
55040
30578
102349
72411
39953
112071
45733
47319
86
93931
110733
14850
71843
90979
68657
32259
74040
26938
5441
38582
52381
2637
83932
5317
12868
41882
112300
15905
34384
95862
57916
44654
9198
52517
33019
94550
23093
47869
79748
3920
24701
11756
85394
4899
27828
106957
34711
26958
6995
83213
82704
109803
20514
110600
96544
71336
2288
12458
66674
19546
109836
85683
109349
9807
86163
40070
31370
31585
116437
2132
81304
38732
79575
58660
11075
86388
47210
69276
26964
36332
99388
108776
29201
85151
27393
73948
3286
87670
39539
94757
74244
73919
95515
64302
107038
1760
55886
62735
23651
99403
10164
61906
18302
83928
119244
102443
46109
93059
57945
47335
85387
6092
88768
83913
3151
101702
35093
111225
26352
81094
10943
68133
83083
102123
72883
35004
79616
43834
46333
30674
25520
73495
38496
14211
49819
90664
114584
55624
47862
60034
29190
97619
33658
78626
111163
1879
74677
44249
53525
92731
28266
55106
42782
107189
22517
90282
15148
79294
113080
18457
67097
78192
108091
108088
28673
116137
103607
106919
37745
28543
22381
106193
20164
114749
39734
83790
28701
116125
84781
64402
20264
94788
76791
59138
64361
61686
40513
15391
88563
65125
175
24987
97968
40565
87134
43291
54324
48652
97069
105813
32749
73693
77954
65541
52675
89709
69904
118973
6548
105027
63539
31859
25125
111598
88678
91599
20874
40287
28712
20466
104650
9063
2105
53001
56523
92939
12510
72939
41507
64989
37625
42804
18616
37714
62258
71097
87292
80516
16017
118619
34215
21394
37414
58421
43400
16937
90568
12336
108008
56086
60655
37513
74491
104330
114895
57712
5189
15554
94725
951
93780
30030
54381
74390
60363
94633
36116
54806
32581
47088
61132
16033
14792
45703
75726
39367
78486
91311
15601
88418
30372
50379
21331
77573
13831
27348
61374
28737
16059
49672
48167
62713
75151
110781
26392
84935
18212
77327
27633
45881
118999
9326
31581
21980
21370
32421
9897
7355
47735
106351
99303
88421
27038
94039
45206
36068
108634
35084
117124
93475
761
110387
17315
67566
88106
30288
70533
75967
104542
11158
9407
30457
91386
98665
48843
38816
53815
31408
49694
55844
117568
13321
12493
93011
10636
60356
104668
24150
110032
5713
89907
7822
92286
91801
88098
41053
67713
13200
23521
11342
17772
109289
80694
112949
47736
27374
71092
12043
98896
59165
29492
36606
47958
20319
60642
32483
25970
69692
16944
47183
48981
88120
25502
78075
43014
67090
63144
57229
79512
59777
51498
57672
28112
25256
58110
44420
46588
34128
90857
100893
81066
24106
38904
66250
101354
56816
4286
90574
37626
116176
90066
50290
105680
49610
34843
76594
73368
102200
76924
107284
61255
105809
108055
109254
112759
49084
77119
5492
64661
50869
94023
115374
93783
71487
22231
41813
42395
114667
74684
2225
73366
116410
91895
69214
19029
13609
115508
41529
116911
72752
41365
13281
21312
12838
44791
79556
56784
102062
98545
38928
43596
70621
85949
7476
52001
78112
46690
66265
48089
81914
9920
74471
91009
11599
2826
91926
119258
49568
117427
297
111781
34719
87642
26760
64410
110413
71328
90094
118478
20921
5949
105028
11677
88225
92091
106579
81601
23306
58531
46158
58267
62923
32349
56848
79435
119959
99812
97784
15416
69322
41936
87771
14706
46980
32806
98212
1155
66236
