28931
87975
92084
45205
51429
32671
119644
14406
81691
66991
70113
94087
40854
78359
49731
40577
47868
52827
24233
16129
48080
60859
36545
8201
106325
31633
8689
16179
37932
39026
21829
36678
48155
106649
90589
71679
82204
50731
112012
22413
39278
95966
24606
61330
43744
104461
90779
75235
11107
88235
73126
54504
106572
101105
64772
110147
54174
81749
110437
16672
44336
112706
47046
10758
75531
106580
55098
74830
62860
83990
94640
52343
7667
112302
71835
64987
55682
15361
119037
13809
92721
73557
81222
19996
81870
84063
11841
30993
109537
37460
105082
116816
110248
14536
2521
66600
3134
72458
24551
72783
116145
77471
31275
104694
35948
83064
95652
26870
71773
69942
119000
100346
92577
80911
81173
19004
106392
103431
103251
103140
76683
1984
4036
89485
86567
3354
100174
107323
72658
101378
77565
23661
67972
53749
118935
82076
105359
37912
14473
58990
14034
1135
20718
104912
8906
32050
40610
4469
86879
11798
17240
63493
112936
105156
39783
73740
18303
1474
100280
83107
54994
99967
37358
58629
17457
91701
8997
87456
83711
109307
26010
56983
46847
99218
23366
100948
5115
33335
36284
54805
63613
15223
37738
85884
97348
29021
72109
22023
81998
112941
103038
89276
35924
113330
32687
2642
61677
91263
112073
106964
79967
22962
6043
94823
72040
71024
87900
36995
108421
84621
85357
22714
59825
68000
45910
56193
96106
85128
51712
42258
25681
96558
33610
109971
34735
106496
43621
25921
5476
91676
44317
82189
82850
6122
97376
19967
4551
23498
27006
27002
72738
89976
99843
11160
97891
47060
101871
53826
94187
56573
35229
45778
39329
62678
8909
108001
86766
64621
40710
47473
80106
103166
23578
28439
3396
75487
117961
15268
2860
24933
47829
50177
17422
70992
13278
16082
1505
36589
64146
110255
39183
64596
80751
70720
56801
69666
56062
111391
13519
91611
36708
49713
106811
15465
46356
18706
118728
8169
17768
19651
9677
41012
18417
28560
43151
32570
36613
49257
48048
85719
82093
102806
52183
43642
36326
79787
117945
106278
87864
33439
62858
72965
36965
7914
21157
52885
118639
23147
4844
12766
62051
24068
4909
31353
21947
46495
24419
4516
46073
55117
105790
87450
595
72217
40541
88832
109238
71523
8385
87632
76570
96872
109772
96695
101474
27551
15147
74809
71394
22549
104985
101198
88367
100445
56495
62372
99617
14787
46459
22848
100497
67191
739
47404
101178
46281
39500
54379
102334
96859
47990
111504
26577
22741
23404
68786
86093
115064
74186
72926
53892
95301
62173
44086
99230
96692
53484
110907
19026
53963
86511
61742
74837
114137
33872
86014
84364
95142
25439
81182
79309
52214
110033
35150
107674
108965
24911
87249
97192
18571
9740
45654
31703
108693
88457
13057
17271
81016
37877
93573
77778
64771
95206
40128
12890
44688
46172
15408
