99188
67613
38130
83385
8584
68245
105451
73255
45650
105208
72829
13153
97357
115142
66387
50134
80960
18531
30773
78339
32604
59961
57409
21454
71189
64678
49386
91533
2643
40341
104624
19133
97175
48707
94563
102394
20061
52536
101796
22728
60338
119645
12143
9340
85247
3278
52789
100574
103505
57977
64979
65365
82907
92139
48005
13491
56937
98299
63895
49027
110957
521
102859
35706
99911
10186
108810
110841
112874
10204
58229
91887
79246
117647
6167
96296
61177
116506
73592
118470
11712
62328
79486
9905
68534
37447
81499
8862
53143
26477
18079
51009
34931
93015
66085
14578
117534
70319
78868
78067
73331
83973
88594
39659
104222
119499
11320
38969
88565
106823
40261
7298
55144
28074
10634
29852
100220
16688
41619
60648
18225
78951
27115
14858
39306
27030
67386
9354
29686
54570
3407
87251
105103
62042
30083
23777
77453
61234
108064
3374
19629
114438
25150
1998
46761
37481
113230
81925
39349
39902
20637
108655
2626
108115
98935
76707
98184
65413
71911
105178
80638
96169
85140
66480
27792
87458
53521
65453
76727
16530
70508
1715
9463
61232
65614
29897
71423
112670
36866
89913
98105
43838
61211
79282
49316
69622
98678
111252
89429
34193
20827
88654
73979
12976
89516
42521
77910
35818
14458
15407
103966
103271
114199
87486
68256
31839
62195
7136
99978
82748
26523
29110
40739
102370
13431
2949
113562
83834
51448
72395
67155
20030
107294
56555
40035
18284
96754
49077
109813
83810
110186
67008
10896
8552
99511
16973
117974
18697
24685
80286
20931
89609
66758
90996
49319
5437
100067
23014
97791
111984
87106
64647
83234
36359
78661
81742
100181
62252
56529
43590
88250
39098
81658
74005
6248
26605
34295
88472
65746
94306
80740
50883
97836
76470
22520
26264
107158
24944
8083
42504
19957
50331
5501
104225
68769
83689
35049
102470
35838
36050
42296
56
7556
43077
73424
192
78167
28096
117347
86313
85714
37825
3758
26336
6732
117578
20047
95639
109698
98398
65502
67074
6288
90143
7680
62494
78079
42683
34988
25374
74229
107447
55541
18547
90430
110312
80360
12364
41632
104837
89428
20988
89665
67255
111674
115370
78371
10724
50253
72443
97031
6362
44977
35643
72094
119478
60129
13100
13552
33093
59598
115962
46352
3204
38901
24178
113296
44777
9669
115883
30016
53780
45834
7396
118185
101651
108640
45729
42546
84918
76809
24966
62
49638
41625
83117
18485
89165
36988
60657
43967
73196
77591
110783
19978
80969
12565
70627
69706
77020
45546
32925
58824
1281
103421
78311
33595
42112
88987
108755
61915
14581
35198
614
74454
1746
96566
45337
119076
78493
23612
58932
117480
96090
37982
16194
89134
87777
77380
45011
12077
82610
73710
41352
1393
98473
69557
36908
119115
61968
82148
8436
69762
105079
118250
95212
60428
33688
40097
15771
84008
23200
94125
43136
42427
68523
2718
62301
76596
24397
94964
15453
102831
47851
68985
94984
82769
46983
99630
1217
32511
22385
94080
