56835
27312
51927
80888
112530
84648
6032
95194
24902
141
79634
28099
74075
32203
47062
65226
73413
27822
110010
106257
65053
34255
89328
113578
71557
6760
77983
41165
36909
1145
55559
94518
78662
75224
43611
111189
74125
84492
112914
51609
91098
116759
118464
96075
116512
82195
19279
77577
38749
96927
10265
57204
102868
79274
111243
88815
64950
92736
56492
119418
10687
80774
40410
95378
37136
33359
23554
118061
8365
87635
57084
57104
38569
118648
49314
49988
54964
13625
80988
75335
34343
47044
81065
98019
85801
31021
33069
42023
33751
101238
19823
119825
2117
62537
82912
1320
64377
19387
20027
115312
31278
80695
99604
35583
89491
101143
98467
14795
64670
118373
95401
6506
41604
71858
47106
31000
88405
22405
38560
43467
7323
47993
100973
49069
58563
102718
90674
11955
96212
62698
77321
31681
33107
30604
87455
13584
117795
116606
32982
68778
68305
67060
9138
46052
111978
91403
30105
110481
102072
44146
25788
16545
119007
32978
114350
64604
15299
49039
42976
74959
784
64896
55179
99529
63970
45993
24172
63251
92612
6382
68692
79862
67855
15396
70836
4195
23047
100598
72157
119287
89313
52060
77808
77634
21072
84054
101205
112483
24923
15841
30311
62038
25673
34967
12958
22991
3933
73687
70169
32808
5523
24935
11587
68070
35490
28799
55964
39126
63601
33245
68297
16101
89639
6136
46201
14181
20073
111268
45744
63446
95781
28470
1115
30092
29047
96395
31908
83522
42472
8024
114984
5564
35141
9614
53286
45865
45277
22463
119145
42557
51924
101212
99127
115846
98915
75995
73732
103982
103459
88913
64536
18224
3311
97963
19295
71590
44165
109832
26233
3167
67054
14234
70522
29675
90124
27187
29407
90346
57241
10069
40036
30425
20385
9739
80937
111484
42950
107736
71752
10714
96864
75721
40735
73811
64830
33126
7959
27433
56105
77656
69371
82622
40531
25843
72664
64988
89025
9155
118017
95381
67742
50858
60348
44243
113057
45890
16407
60465
91818
77911
57195
73312
92739
47453
86333
59528
65051
49487
10295
11684
2567
12849
19480
85551
23421
43976
116775
110622
3326
113527
34921
43042
50976
168
88498
1255
27356
33742
81504
51253
5744
479
24893
41185
105190
48656
83398
30113
75299
27170
76379
10494
73493
58597
14949
29459
931
105385
104882
106513
54732
18771
76885
54398
3959
114812
93307
29213
33150
87654
34611
17367
37494
89999
75159
118668
35201
46121
32641
90058
17087
112767
15115
14113
112260
5560
79150
11709
56358
3034
104855
98806
64625
93760
87181
77211
88407
17288
2559
8597
16217
96049
46724
56430
39617
109318
61986
52861
38144
70363
88763
108855
41911
40293
99302
106328
92351
93923
37529
40919
110816
13964
83270
45912
22823
27184
2219
512
88588
76025
33577
73469
20617
102196
57986
119503
32810
85723
15696
8082
25027
90559
63960
119867
5571
116244
87908
8815
52968
76412
36980
86817
60836
88032
23219
85594
533
10199
46427
32416
33537
74790
15613
51017
41786
117028
69667
28511
82819
111377
28576
69605
31778
116793
69210
30572
113485
5087
98853
54590
66372
90086
84143
107520
79717
28201
5276
31115
73616
21451
57225
113402
40140
18305
79912
46888
33387
28137
100334
21541
108168
104528
77725
15076
45239
5759
82179
14177
87979
17410
52169
84390
97041
93608
3882
16465
66539
25015
50200
85382
82075
20472
118808
16968
46730
16045
101592
22913
96215
117778
58997
89234
41693
18118
84923
7296
91780
30837
50482
5569
105851
28442
16336
93484
19219
90382
10872
35197
108705
52882
101741
76078
104457
117029
45411
15655
60220
39206
47007
29938
108924
89457
67310
107210
86714
99200
41100
19636
38295
55611
5067
105354
77353
29631
72183
77928
73949
44765
18530
49886
22288
22799
61810
47891
114057
108376
35261
100260
63528
89228
100306
55687
1852
48887
27254
8941
42062
39886
68544
88716
85392
93162
45123
66735
63244
32590
92526
115951
95502
1972
61909
11110
116848
89010
44390
82960
86457
50920
56622
15819
70074
30455
52160
82479
41434
54625
119846
113733
25914
14097
11931
53384
554
11219
67322
32726
94000
53705
42987
91731
35851
34178
96322
3189
49827
12718
115229
39627
16417
95198
40988
21922
38543
25388
26207
56828
102468
74739
52352
49862
100979
2085
50266
48169
117115
113528
108500
96377
111861
92737
34312
101459
38763
72580
51319
7779
24881
101622
23958
72602
58035
49404
89502
28924
116453
65800
2396
91674
42150
88947
67213
92594
69085
97759
51851
79949
58666
79790
69383
111884
87010
106285
73858
18406
75178
116456
47283
78434
70337
85118
31524
31645
98153
73375
6331
92185
83444
119685
92494
2703
108727
28399
68931
11251
66158
60909
41598
107346
32536
18395
48358
12123
39288
95604
28746
119804
72126
57031
30954
88934
88801
39432
97123
58084
65149
36793
7833
116972
14665
71927
10319
48020
111080
10649
7465
97404
62479
114198
114062
80666
78144
71233
10191
10063
14667
33653
77173
46821
102688
106820
63906
57808
29910
27305
12870
83725
46283
43403
76345
70978
716
7334
111260
89562
72765
101632
102259
88783
28172
105798
57548
42913
8479
41324
95018
10882
89247
7964
83919
4410
68354
31458
679
73960
79830
56749
93098
117202
11343
47476
23037
85297
117290
100466
29226
58015
83199
93293
86845
26262
44103
10361
34551
67709
44996
26774
118755
58454
38621
57813
69203
113093
106073
24733
6240
59189
67002
83964
4338
116946
21674
95590
85722
55992
11404
69329
23688
16487
48932
103756
39948
45782
46381
69637
7969
111209
10961
31186
88285
16319
46039
82506
76946
67335
110293
185
98144
114590
79823
10889
93577
79444
109316
67562
96134
3046
97568
50605
85303
37179
38713
99468
49936
87209
94356
117395
98436
205
101601
35975
21411
110709
73965
77916
6743
69481
22460
86378
6631
37752
109671
15472
62777
15410
54003
67812
92746
109589
22504
60135
93922
11027
61331
109491
90613
19038
45144
97281
51572
3818
30404
61446
44313
99139
117140
31819
76718
55390
28641
115017
110888
101028
84722
69765
48317
12351
31941
82150
44900
16060
61202
114630
106066
89792
117616
34808
19391
52821
81498
43445
34045
34161
107641
21334
103248
16532
78961
119195
33506
75659
33297
112698
1876
51824
26418
83535
55575
29048
22046
66820
22015
76709
100687
117374
74721
31360
36780
18603
112408
70377
18632
59700
38125
96414
21834
118235
78044
9990
36094
33282
7728
46774
54942
115667
93266
78437
27361
41913
94744
75694
19573
40414
33217
51507
40903
93095
62946
19815
92754
76457
40486
78135
59669
93990
104559
92025
26595
75076
37936
69935
107817
106848
68032
44340
89100
52178
44371
93590
58121
68651
6853
90736
45198
59480
77867
65071
76037
71290
38061
24381
71539
29277
69750
52831
106461
38807
48779
25697
87959
107532
114823
57146
103363
15877
110884
90312
107207
4002
85886
72824
74253
18816
44050
57469
76481
107326
78986
116808
3741
92666
108329
71319
65018
91738
116554
44733
117415
67920
6487
58970
31215
56486
71037
62915
45168
11577
52084
68426
83988
94521
55784
42621
11498
11916
108644
21573
102298
115976
59342
215
66620
7182
88240
22750
106740
60659
92882
21068
83925
14653
20304
22329
118983
95345
34194
71083
48225
67354
68379
85404
44301
26131
11
44549
34167
902
71812
57865
60270
19533
73059
53601
13719
86733
46939
49308
79886
104037
118676
7665
64045
25671
102187
47931
109208
8730
50640
102881
57500
78353
64792
111797
38846
72909
41302
81054
21286
36659
36308
53982
63178
62503
46397
38478
32979
5425
91176
47556
109091
65847
41236
66938
72770
102901
74624
3947
57841
29102
25423
85401
24430
75048
31149
4668
87394
11038
8451
111291
62522
110204
49912
91734
73306
5307
38461
69582
77713
41078
99683
119971
57871
35605
42072
93587
41463
54301
48503
93522
113522
28456
18441
53883
101696
86483
96844
106765
63887
31439
20745
118512
21918
20339
90741
90542
10503
56729
52112
72099
118204
83907
38773
114824
103336
33088
24231
94787
36942
42453
7977
35488
107359
11197
1213
21393
102297
106801
38785
101011
39410
83033
113046
15724
45601
100206
33477
72302
53910
31026
81410
73087
92396
50996
103360
95712
68679
90724
92500
61545
101477
79462
30347
36384
13536
10996
42929
22628
40723
31837
44074
67251
105170
72922
26563
66365
59459
75932
49761
29007
118651
48908
11595
77482
81577
81709
92148
71062
29139
5215
29197
116352
109656
5159
76350
87905
95965
31990
118563
42891
76148
59454
64319
96217
32109
63157
107864
45681
31825
102864
11873
91914
57331
76862
56076
118208
76315
112521
9852
91103
6820
29451
18354
37277
6670
30826
61506
84870
90797
65926
45724
108925
24200
740
68098
105200
41094
102625
22085
109505
109148
55698
59369
20529
60380
105703
31759
46542
66878
35636
94424
63117
41483
104679
112427
47945
104414
70857
119274
63603
40433
65895
107100
68361
36322
50267
108037
119633
21855
33874
98457
59303
8827
35783
15693
57075
71507
110061
45215
8328
16156
30979
49549
66611
12424
72365
41987
99741
89472
44841
105174
2711
10172
36600
31158
84737
68072
10401
91447
64518
95308
62137
49534
59544
24512
16105
1955
3373
40993
88430
38291
87503
101141
21771
47821
73843
64200
75981
69845
12904
37457
62210
104589
74533
33570
46350
117075
114946
76531
