76673
80931
100553
69227
77887
58859
46297
115760
103155
6611
26546
91709
108382
112709
66043
61437
20564
26594
70427
87029
27999
30454
58020
54216
55879
90194
6537
11372
9571
29516
851
57620
59438
85734
72372
75284
102694
57648
106480
51633
26414
2625
37623
63047
102703
94380
10459
57347
118500
112497
23259
66487
51662
45362
94904
31563
34143
103358
69161
48035
105423
1782
22635
33148
99548
30089
119424
108530
113851
33535
51462
51461
49933
36963
94802
7218
12489
96473
33227
76567
53218
3007
44660
130
105648
11499
56325
53796
71322
47291
26182
44016
56297
69813
79730
68069
88297
36177
94099
91324
41002
7596
109007
72031
48023
24141
29791
70370
24937
87023
68574
42604
87721
49951
71844
96898
81939
2888
87467
77831
80770
102454
80323
43581
31599
39833
37775
53894
51509
63703
94497
46733
3711
71262
115851
25893
73240
21133
5540
63558
60754
22223
38525
35768
114304
37767
78018
31519
115544
109871
43658
44452
50964
100640
22819
50754
81798
98686
101190
89133
119593
117342
1515
41059
4556
56322
108740
16460
29421
75037
51110
91002
71709
75066
99237
17705
68671
104530
41778
20445
107046
98854
29486
4954
81403
112
63777
39028
53532
8928
8203
117038
77115
33821
42802
90822
91552
85485
46567
52855
36274
6128
16106
104629
58664
53401
25689
29628
26907
12241
26275
1691
114641
49764
74296
95541
117077
100386
71744
48393
104864
44434
46692
24180
23146
9544
104250
89160
53909
96487
980
81353
53816
91800
91459
41682
96973
63974
37680
34694
55670
49208
68524
63347
118089
117753
23600
28922
92378
31780
22751
62758
28567
79714
34145
16784
27000
101151
44812
96892
57043
57938
63515
105993
67762
7933
107665
114805
83001
94029
29215
41943
112925
22981
56232
42717
100366
113783
62112
102364
63173
114203
29077
111453
33105
23152
105728
31602
1785
90347
101811
34356
24709
117235
111449
80812
35186
31362
111371
88340
5675
18324
56012
74479
79077
64502
34125
118939
87437
5971
19292
51121
103043
41838
39354
42766
106970
60534
27590
111869
49597
18116
33429
21807
6965
31481
54467
81961
93146
61175
24909
11716
105475
91285
49743
107929
10756
6049
80972
87724
84430
51485
50049
66002
55539
43866
71668
19098
20892
19503
14100
49529
96826
62594
80201
66332
77418
87930
80139
14685
91656
67936
38745
74250
64770
24442
6449
102262
54992
64185
7712
44365
67485
32908
43824
56606
40182
110424
108203
4548
74578
16495
93802
68525
10670
102076
86233
107546
22890
16244
81255
58486
68447
31030
107443
50172
25066
36129
39657
41066
32605
46901
117499
6436
23724
76268
103014
6812
15402
85881
55999
92289
29502
36883
2577
63648
79065
18141
77073
11863
21872
6769
94933
48284
20436
85906
40660
109681
101073
88406
64686
96229
37616
70134
27313
74312
654
97
11874
106645
54547
70876
114808
34131
3745
59274
34849
40703
67640
110408
49010
17155
8814
102659
21504
30758
87552
34605
77158
19172
48268
54146
41957
21174
47226
93012
118517
102391
62278
17464
102161
14501
36301
81895
99582
109210
65156
106561
43538
43852
39918
115888
56994
49967
47309
52414
24737
42
84979
33589
52341
52932
39276
36583
92384
119858
43550
75230
17643
83477
44089
89424
115708
108960
9309
8357
16994
74872
27479
44813
99954
66694
78806
62196
5333
56078
19488
109309
97998
108704
119985
116259
8929
68017
118172
58839
19604
83327
35240
107600
107480
10492
33586
84487
41484
62660
114194
3488
51024
59439
115736
4013
94710
106881
91278
18561
4861
39535
58106
42982
31697
32137
80927
4347
119556
50668
96534
58548
71937
2026
98916
46496
87319
5464
37479
99365
8281
78854
50729
35386
102319
62056
40432
31568
28372
76725
12741
58535
80391
47668
76121
11006
113249
84174
57818
119719
74980
18828
78678
9982
20533
69560
13015
84471
1547
72259
111644
72041
107435
80805
94022
44333
7654
31349
64070
73851
83372
90793
26013
89375
49413
100053
104628
10224
111358
69768
85066
15130
80496
75063
28178
113347
20999
107654
30806
117474
1976
95298
22969
94415
85543
8129
58391
95908
77616
107264
84662
106276
19048
94948
82601
421
62596
69784
116300
48621
32555
97945
18386
64977
54772
12023
22066
99429
15297
79471
25614
90774
22746
3132
117852
78811
88080
14232
47723
23288
69612
40586
19223
98025
59974
63076
65684
64927
110592
86171
69553
87624
31763
22660
9006
16086
119267
75840
117303
63955
97333
51660
32258
15567
8380
119700
88191
42046
92341
16952
20486
97819
71176
109040
84812
112038
40310
15654
101514
16057
51040
108906
82620
113865
40088
20266
105379
74475
19998
23009
75937
51828
84012
80427
3147
110866
47878
65893
2140
96449
30494
68700
105137
35479
29187
34422
19875
46358
60771
65305
112315
17157
41189
60066
55331
23053
48066
27683
105159
50856
87708
7480
110835
27768
101621
112499
32162
3604
63349
18678
48839
20153
6257
33402
94401
9579
109200
63919
73075
29828
59014
42597
50893
5566
69234
109083
62807
90930
41965
90695
108745
93844
1834
89182
89603
68008
78202
69923
66188
54780
80128
56544
50598
100462
91219
74965
12861
34854
103647
106463
20923
76411
34270
83329
116450
33021
47636
10717
81322
98322
85526
3944
35947
63861
33784
47200
18572
88851
42496
60181
31562
102204
20462
10341
99720
12585
74094
104656
37043
64049
67513
12721
81751
6271
25664
93620
97532
48627
4879
26610
118938
87160
20175
18605
2668
106054
44108
105494
57054
77952
38789
102986
52450
80046
59176
22915
76168
117971
14948
92108
62305
59487
11262
46820
108519
87858
28116
86431
82992
11804
22031
74387
7535
65856
73186
51167
92676
77493
99464
65103
64799
21126
112448
8530
116023
2569
42181
46562
105693
22711
89055
78813
10508
25682
89806
39791
93959
68012
72640
21444
84740
28747
107116
99331
74272
92582
90122
105084
25069
62174
72850
60993
31776
116330
21121
47050
96842
9267
15292
70183
62607
28954
89303
87045
112453
83192
68961
108048
72121
30980
43635
78839
12178
73382
53775
37354
98099
113513
4348
45540
14122
93596
114027
34099
105812
71430
78902
64845
93821
50868
106291
108947
72198
39152
69957
86324
21311
21970
42264
36566
99304
8296
119270
60901
9079
24859
17005
38541
77859
12101
53350
84279
10646
18967
2793
114925
56017
86507
76139
102985
34197
72386
76352
23668
98957
47740
2480
6623
34399
92823
101955
67440
54422
20167
47892
11892
5366
91694
15782
2863
112452
62610
7442
3574
18036
74342
77054
78096
44542
12742
80497
22763
110350
9513
17338
31744
67538
32608
111486
92049
119868
82269
103605
101247
33084
47336
115178
6105
36675
29094
100711
103843
11396
110754
83795
64685
39929
99892
97905
91593
112711
54250
39906
77929
2708
24581
86273
108229
28819
52128
113285
111338
44139
39143
52337
108105
30545
119994
118390
48292
60138
85078
50939
98026
10088
118803
68891
98790
40975
74498
84761
72509
3013
3442
43455
63356
13214
119857
103725
105239
100175
99691
66582
70201
21498
50726
87665
48186
86911
73286
3856
32800
110110
33832
30863
58342
61214
99182
31766
52291
101440
78744
71403
78649
110684
114575
58713
101183
66285
11818
39162
83823
97388
78756
83728
16595
33425
96537
85584
14528
47327
41528
87218
58347
12337
55685
16103
80229
112788
108660
28731
108258
96258
78256
87531
98864
42505
21250
87875
43860
38978
101739
866
40131
111910
60855
61251
96977
114529
90065
104596
72682
48313
43768
4606
59080
19830
108853
24288
97310
24074
109800
65761
