10456
91017
41264
52086
69542
14282
481
92938
68077
54965
28373
40569
104475
81120
107648
90452
23455
16200
5801
15510
73053
104045
9013
66382
64161
22685
25724
63925
4712
88149
38005
95313
90301
92879
109737
28406
41963
4204
70140
78598
56717
21260
10031
84193
16659
17145
75749
87544
93862
15120
87760
38684
89518
75513
36891
11667
106047
72140
69382
75554
3080
46470
95793
39452
52361
25935
57806
108045
100114
47591
103863
105074
49500
2658
104753
77050
77920
59483
66887
114963
63513
1208
3867
102880
84799
7625
103652
76444
4778
36557
76820
83648
109428
68191
66779
39806
98839
10003
9547
26880
78535
64533
65810
43289
85812
2409
61020
98906
110967
39017
68673
75918
58808
11344
77114
118231
4494
20581
30903
105819
75122
81510
64725
55258
75415
64744
40666
71986
69129
86706
45077
71231
108113
98344
91972
10854
66347
7460
75161
61975
47656
115252
106347
22821
62100
48721
12726
45636
114552
79751
14142
109274
84486
49693
2455
87968
28934
33437
117046
17606
40794
11312
18559
51899
79860
71988
20693
99478
106464
2925
41188
33895
27391
43414
78862
105642
23537
36335
4446
9682
43398
114390
56900
119069
75993
66657
18320
97414
25596
82935
97184
67960
114610
28717
81696
105891
71781
34494
31303
25114
57663
6150
39742
66963
17137
