56619
5682
116768
119806
34005
43865
115205
977
35040
61039
71049
83274
93943
52055
92204
42672
103226
116431
46573
85598
36791
33919
92465
184
48789
112436
90912
12436
96474
34278
12699
41988
95039
11249
17755
112297
73900
30847
75605
69207
95717
101296
37540
41506
118974
91740
54380
14171
10604
32071
119361
83679
119123
84135
26405
113854
95016
15105
96843
107658
103891
49223
6373
59319
65193
88549
106098
7916
107193
68734
118937
1219
26479
13498
113786
88437
13399
57933
114951
11617
99773
22342
29020
71098
100622
46226
62201
74362
27135
89323
48510
262
4411
34059
24754
107006
28190
100426
90715
78759
99018
90672
96391
15973
25079
2905
30727
101227
96315
52373
25078
91881
34995
111672
3434
99567
71239
98018
10788
71010
30175
84985
43856
67588
5834
77872
4439
28474
86128
103089
89014
59119
112057
73560
72197
57243
116764
32519
35473
117633
68801
104544
19307
29822
7252
478
108269
117421
24546
17154
103493
17068
82202
76201
114940
39683
34886
1677
109488
81842
62608
23949
79381
19974
83389
89476
103334
72321
77007
36144
75961
70150
2472
71005
109242
45465
51293
87743
109830
49214
68901
94445
36133
101085
15248
63164
119407
116495
82220
2344
103260
15677
44441
13776
6056
118340
97960
83918
14399
65085
96918
103347
35163
90403
113618
59687
50879
9620
103034
86306
48917
3904
101568
109821
107420
67379
9453
80826
72702
82088
92429
53920
33792
2963
113992
118226
491
27091
108026
31496
29438
714
35795
94188
66276
99299
89831
109334
5999
98674
50433
84862
85228
8014
25967
77182
42491
11528
23931
70745
74539
91506
35058
104488
36410
94976
46295
71552
35655
11732
74142
115420
77803
24322
55042
31772
104048
98621
117142
55221
34545
101223
47491
31831
92380
20661
65768
73853
44769
63146
104958
55915
24376
51663
5262
77467
25956
58704
29202
68780
65580
85796
38124
12749
111886
17553
41009
105094
69720
104851
1853
109279
14603
98710
114026
44880
99956
25882
10099
38957
14717
233
41349
11405
58472
79270
14050
95899
85121
12875
20270
100218
80350
85619
109725
99098
80150
22374
84240
51243
6324
39986
110909
28554
75093
83657
55023
1774
9131
116016
102213
24691
10803
113696
29430
65980
5025
94920
93523
116777
31406
57021
75877
69011
53494
23204
56180
15190
94050
107120
7222
119986
19716
17383
2415
32106
35083
49793
66111
92288
43203
105057
25335
49201
110153
46582
76925
32545
104185
112690
76281
17117
101458
101781
59222
70991
107860
37359
102796
55278
71873
91491
9440
44291
37753
16518
87075
76729
117719
79599
24729
90213
24261
103780
60392
148
99093
7973
110170
25270
27745
64663
109103
77229
110283
80880
3021
71656
10251
7629
69370
88736
117110
22693
66572
48964
39255
14484
93070
92558
9253
104368
40446
80954
90585
17930
35232
118525
85830
61913
104890
115334
18452
28258
86120
35634
55968
67830
63258
48027
165
61568
85931
6636
88316
91610
105722
12998
89779
7530
94420
56034
68526
78382
22930
8700
75207
79865
81133
52800
59510
86380
81978
58772
101122
9556
46423
26130
25690
15032
12784
72431
5460
67792
81739
103008
68295
72340
55543
44617
69179
34920
87171
16934
20285
30136
107922
78273
11766
20708
57823
104859
37703
60404
113928
61010
27680
68654
92019
56789
62986
84504
91276
83418
2720
61600
6344
6603
50005
96507
48662
4447
111740
74632
22777
53912
95226
57962
46867
8542
67573
113690
63577
53115
3417
31298
84331
14063
66661
6266
58002
32715
36591
66703
77081
24140
64978
80562
35653
14083
56851
7798
104776
42869
87559
116406
66985
50251
119815
71350
11257
72152
32968
31709
36011
48547
3980
75811
35620
88817
32369
55418
100161
32038
58988
52579
6477
11582
57671
104043
21268
114381
32916
8165
80599
68972
81234
60922
68103
50190
112217
60499
39681
75632
22303
85959
42084
12649
39670
10748
92266
29031
45233
115985
48437
14322
117605
10045
17752
118848
51617
91022
19047
100070
53528
6359
4187
14068
18007
99643
48432
75888
117959
56052
43978
64909
65483
42314
63303
70558
53063
110931
54081
51452
30223
22020
90605
97475
70647
13000
10214
98466
54169
108138
14314
3700
119362
106726
89394
10681
49993
98002
98559
117861
43431
21291
69613
81335
103635
84123
26667
46138
117351
43155
33234
66088
109399
55413
55279
79216
82970
39941
113146
56584
6422
27644
97016
59021
1073
111552
98752
99518
103059
36182
105750
30218
116151
39908
59392
15065
119789
92793
14591
21521
72745
43585
18784
98248
24128
2233
7343
105934
92360
68350
39787
22433
32816
29740
9347
99971
42548
99991
37954
49030
60106
70980
89421
18655
118726
109643
115538
106662
16048
64660
109889
12406
26110
19993
64063
119306
12230
22217
55379
34866
95068
52003
6482
93383
7484
11983
35102
88595
59686
112075
90044
104218
108387
115174
106201
93438
107411
23023
18874
1811
19786
30653
7409
8813
105679
110443
97233
117408
95259
110973
1526
85359
54086
11726
443
31609
33473
69289
37095
69443
103175
78415
112810
17488
103781
73225
9397
30947
59179
25479
31290
55854
107869
50859
99603
52359
93270
36178
32859
22190
9600
38900
74967
96712
55976
55001
11905
92853
56002
195
87512
79354
48422
84520
103508
53352
63559
93464
90385
37064
4023
101860
112546
91508
12543
105151
43677
9777
11133
107959
66793
2715
57359
82920
86732
24661
113060
8462
5932
1086
103700
11659
64912
75370
14042
102599
89596
45148
34470
20060
116930
48603
116205
114736
30613
89711
87091
112849
82359
71960
48538
46035
109422
64498
96096
53161
91093
57603
51428
10999
103462
54072
63165
64414
89373
15974
24755
73464
67362
24315
6949
115575
16454
67582
8100
82761
8003
78125
104681
22752
56467
119811
52436
106241
104332
58587
29229
87235
65922
47780
42120
66358
31467
86761
77052
15776
53138
88168
67249
88503
57290
100998
24192
79202
6330
55299
46720
3577
77302
7212
18529
103501
93831
59221
113880
45425
114490
35857
104140
72880
76711
8264
4054
81701
61351
2354
21303
54832
97044
16982
20479
6467
93319
64136
48150
31654
35679
2985
94627
88566
23627
1442
65909
53840
114614
20764
56036
1049
16510
102233
82599
27983
99211
44869
18992
81493
96934
49102
70822
46931
44361
99556
