77538
70694
96954
94929
10575
13419
103168
63825
90485
3661
29127
56853
86477
110290
114690
23596
62909
62995
116858
87441
45327
88328
61885
78900
44339
18174
43927
8178
1037
5381
77886
48071
41423
55783
2828
16390
65629
90395
40235
13938
66640
82838
88525
14209
25770
74808
16675
69874
36548
70573
94302
103980
111480
65133
23940
32672
2584
105287
74897
103732
119841
59133
6518
1271
87021
117175
88269
114486
93663
59903
116194
39049
73890
62276
37570
65235
34245
3529
103344
13358
39619
117254
81300
44670
94431
1292
87985
48098
82296
16187
61802
42953
5434
99380
9570
27404
109214
14677
59692
100524
5271
109825
60596
116010
103052
55321
4775
110552
46857
108082
33452
59570
99749
59943
78520
77169
40813
28087
47965
104623
81991
36660
71276
114386
79681
99975
74555
82560
76544
47847
15703
82854
31286
4228
12647
26564
114830
65721
41171
62510
107533
39015
14817
56268
54255
48942
5095
33516
14894
61385
51987
7172
106213
104971
52496
85146
11535
56564
81802
119521
116366
769
74648
110279
30064
113883
5044
110784
89803
111457
46270
77746
84665
103581
80886
26670
64023
107854
31804
17618
499
45850
62028
75387
44200
102942
75266
56015
86592
52874
92377
83013
118078
116292
34790
45701
20284
114394
115448
105358
36242
102760
20972
5339
87829
111079
45413
28376
36667
57251
119420
83474
85432
37438
89088
66440
83425
56902
38764
39139
6463
55266
12755
50544
16505
89589
98887
43020
2638
34810
76633
98474
88479
67084
109294
34206
17923
62851
117293
37117
54459
22882
51048
102815
56845
4766
33436
90872
77040
28105
84349
64837
118981
46237
109704
117760
31586
8821
95956
541
63605
53225
59971
4448
24968
80105
73777
56169
56751
87198
12965
100139
47652
48874
22494
6433
96830
17495
76284
68867
21014
30508
6757
46298
74745
98773
100283
76043
57943
51567
66228
44185
59068
106489
97302
52953
19542
11015
15823
89057
61747
51223
63193
61378
17330
107356
98414
4725
27268
21804
84120
4495
42864
101318
104721
83671
90688
84723
48231
86246
69860
1267
76566
46707
15195
107440
69934
113216
50745
90486
15903
78518
58562
766
110192
26615
90170
33828
72285
70935
35592
111527
86664
117067
109168
68164
