83416
3850
7912
117634
14013
38548
113940
49662
105106
88122
54469
34536
104326
85269
85873
94438
88241
38301
51895
87909
100018
59828
105670
49
69570
65945
37225
28262
3418
29455
30757
68694
86770
101751
12738
53071
54765
14411
64107
31921
25598
57952
73669
92485
92442
87751
67642
110179
97654
36732
4837
55837
44638
82211
23635
41929
89051
91304
76849
39693
63202
2519
37848
101203
93771
58956
11409
83170
57324
60019
45687
35300
86382
69201
72491
94359
107086
39324
2228
10228
63171
47563
60357
14242
79421
106507
35140
10248
11623
53362
108422
117247
13236
61927
78937
4860
107106
42280
509
115533
11708
104904
80011
43579
80622
97167
56821
17231
21137
13434
96383
18217
41816
114988
74446
12884
32060
56797
47568
66508
43877
52380
61237
102509
116275
93129
107125
12816
70063
85628
79255
72125
10553
51303
106556
108235
28357
116284
72089
37025
37764
19142
42515
5259
104313
112523
114753
110624
74459
3300
119573
28879
3164
22558
33071
51176
94320
72314
60500
81055
56966
52275
75107
91925
41537
22887
69410
16925
88374
92424
19868
106309
70157
62254
118524
12711
1118
75825
76804
33782
17394
91072
311
115495
9254
109819
44276
5817
114246
1639
82407
23238
41316
15546
73491
57543
13616
20430
11399
71877
7819
20524
75868
41869
16122
