111287
13535
16989
45453
76639
104484
87958
81463
93735
60321
108877
52252
87918
118371
47659
47122
54792
116800
33981
53869
81762
34222
108735
76416
28838
17548
84164
38645
30941
38990
13726
47112
50171
111952
12226
26979
36668
111719
11668
39863
97247
61149
102742
25492
90396
77400
33799
12300
49295
85992
119087
81828
63305
112908
85126
10547
113712
117237
107496
111420
46896
25104
31311
84109
47406
116108
93540
17579
57034
73962
27868
68167
105080
64400
3809
15739
119275
16357
114548
106275
53730
58682
109167
119353
48663
88121
15825
17095
87747
43827
110695
59110
2839
110215
90160
32118
43505
79373
45104
80823
9002
19926
97030
56439
84418
31890
25478
78319
97009
35432
36341
82145
39006
55283
88842
3985
6214
33349
115979
40778
98680
119443
3684
38252
93692
52515
30139
11644
163
54121
8316
49135
58317
108342
67752
33572
105792
111977
71631
75316
41015
18693
15628
48780
76779
101358
11710
56239
119474
29396
33366
91460
101163
100554
9957
27873
19001
113584
33326
103196
77557
112318
117456
48100
18156
118682
8545
84237
25555
66301
42615
101816
73815
16947
111541
95207
44626
29257
101849
65934
14483
53037
80790
79767
79527
62558
16211
101938
62257
65315
39341
107095
40311
3757
90461
6432
28369
57238
6869
116884
84561
34541
87998
64537
104790
11529
71580
34685
67058
56328
108099
112649
58368
100027
12133
26192
10403
32027
76271
65034
17670
116242
25533
113207
34180
7213
16561
81534
219
92994
24291
111916
111002
12407
104273
71337
5599
21376
72005
2619
8160
19005
83960
489
18419
117516
119941
104214
1501
86636
438
106712
71614
67833
65170
88470
106226
36000
115794
