42052
10743
74492
22022
15770
58077
84107
48870
34913
40631
80580
1131
111716
88263
78028
317
109248
3052
94817
91226
101535
82858
8943
100113
35175
32541
40955
56369
10504
16705
101276
108616
106608
61877
30668
43862
97512
61713
17235
65851
101083
6848
41296
117123
79636
55518
69986
5938
28887
16827
51292
95821
69733
87686
111087
11511
25040
111718
90978
13393
103076
90245
87093
74157
9153
77364
10715
35806
88243
98421
25873
79715
48518
22412
10115
36510
108667
107870
92531
98842
33447
39650
12835
6478
91056
13949
33180
54905
29081
30142
84398
20908
51329
115006
85150
33397
62927
56362
5395
27463
80348
117119
1626
115643
27255
8563
106747
6021
11878
54815
38992
23212
67274
70444
39340
15437
78946
100675
40347
117285
12063
19683
54275
113261
99600
26597
65083
26369
1573
77184
42559
53808
88318
34382
44387
75735
22839
86474
90440
51669
113500
65152
69356
14546
5225
60877
17129
59479
57323
73935
7567
45230
47855
61567
17902
118505
6223
74981
27033
22810
50470
70291
12857
119057
102780
20476
73324
33815
52481
104294
79402
47292
5209
45498
7131
85961
86896
115912
104228
66307
18651
104585
42490
66718
52550
32574
23407
62030
2507
67665
8853
24491
30353
113608
25986
94291
32081
108199
77581
118333
115557
42214
82581
65755
13980
16906
70948
59334
46355
113026
116307
36289
849
95636
47793
23382
107968
87853
57527
114343
40378
72982
35960
26587
63844
41395
110680
118793
74868
20569
118449
81376
114591
78578
55354
17363
75999
38012
17986
13851
50129
61630
28410
29045
105975
67643
28001
94036
34806
76055
76843
3005
79102
78289
23624
29789
59698
83808
19893
11694
52032
87761
21117
36434
114919
98406
107953
21861
81225
76340
110300
77176
9111
78956
53771
118293
34700
47572
41615
71249
30070
62672
36309
87888
116542
38127
40377
14571
39318
53029
107595
54848
29288
26339
4819
103741
36802
24425
54353
99232
109981
13230
85494
8199
45624
26845
104388
42002
113016
41842
104201
2636
92691
61438
89392
9442
5520
38022
4727
81604
78835
116928
61205
68852
13749
91013
102866
110937
29428
94751
18817
22784
58303
70224
78629
41462
75731
116490
79034
57227
117234
68338
7939
18478
83825
49313
96612
9557
68627
30255
96783
111595
72521
11332
118210
24860
3744
522
110382
31508
119969
79064
112079
117105
33725
41733
105056
51067
100519
24118
72120
49341
57336
37849
36490
22584
33538
36295
44872
103222
22081
53781
22268
1961
105193
15869
82998
39119
45954
2066
34791
88119
601
80891
8152
70993
27826
84387
39957
39545
41640
19237
17064
4648
41261
17781
51232
42638
5519
47156
9564
91309
15927
53459
28705
69472
19671
3859
8719
109430
29319
86321
101427
113843
36670
53838
66327
32972
11378
67183
9036
28338
45106
26644
89750
8364
23534
33961
114848
81728
99110
58971
68324
91463
29324
30658
2846
6237
105710
73310
48815
59684
98827
59148
92559
38083
89379
52622
34396
34811
102544
91961
19570
38852
107245
103253
88067
81320
91867
12124
103230
38528
283
110724
66075
6987
62114
46608
57520
16161
119027
10052
30703
32961
30261
43518
26157
113466
28169
111284
118180
52504
54214
36200
34304
51532
32875
20523
47274
103744
76521
64051
23898
73221
67644
119937
11286
108526
90145
78519
38166
104872
61601
28079
14636
65481
96326
107653
77061
118564
34007
91295
22348
66342
27137
36955
18795
52980
64203
9968
104655
98598
5036
50156
33050
67545
83813
16654
105135
115555
50314
44299
100022
10328
55386
18361
16064
103560
42082
111498
74445
35259
34910
23029
105449
8581
117144
35397
100804
70778
45368
36025
35879
75450
15390
46296
53938
2301
3112
60046
29625
66948
97699
90359
87627
8057
71624
25093
24735
60152
72553
43648
36291
25981
97558
100514
53106
110818
42370
29654
33430
9882
98147
74713
47833
34016
80048
35036
108412
56319
51556
34115
20170
55918
18211
101964
38385
49843
86946
65058
20001
47120
9857
31438
70452
84574
47049
37749
6751
86459
12303
117954
79592
112998
22040
113425
98903
15992
74010
66235
37705
109520
90573
106623
116627
54259
7054
78111
58485
96816
16921
95797
99118
8455
17190
119291
92887
57789
73581
92565
85237
25591
12107
12425
15326
51937
437
48262
71805
110740
76243
57217
18066
4014
6133
108966
13460
116573
5133
98095
106102
101875
57391
63541
34623
4539
22103
90939
27147
34398
65037
89190
92037
44878
102202
36075
102965
43079
40933
10640
87065
3883
11651
6346
82730
79698
21649
29924
81774
27677
111615
78128
66836
3001
52453
9764
104755
67610
71583
116654
65356
21839
36306
107833
54185
68237
92505
98430
36625
92408
97925
17961
70766
79072
48806
60389
31154
99520
81585
98733
105305
105164
81794
6997
83018
79292
48999
96196
94403
87631
96066
96943
34757
107943
119151
25354
76686
35507
56056
13261
86036
6605
93058
60820
51137
78547
84363
31147
66203
94675
37370
94089
56521
57798
58897
111485
28203
32695
77304
46492
5636
49878
85346
23253
103451
64008
68675
63683
88926
53809
9129
1887
87351
66412
76887
41947
16741
61419
79300
36063
97062
69702
105528
5168
110520
10745
35621
10423
106907
15730
73530
4285
94962
92268
16443
57898
9955
45787
102149
89503
45812
50426
17039
65110
114463
104531
104207
72837
107236
43200
37852
32205
106690
8673
40575
87315
113499
106459
45906
47997
111248
8971
99129
75584
90520
117058
8565
94141
119212
70736
18210
44949
8836
106000
6093
54406
29352
29476
24237
63
75790
20084
29617
113171
109863
20480
8077
87655
108949
108849
76272
7147
71693
114400
90239
56203
103564
87342
32513
76263
78592
36790
67392
44307
86675
80288
69740
108486
70691
26830
37151
64160
81632
26149
30173
24895
115368
118995
76955
78820
32139
117562
