12175
112691
73850
29443
37774
2929
104205
58806
119277
91067
56831
1712
19089
34114
99724
721
99343
72002
109764
67563
113280
7502
116605
114956
87965
35059
30008
10885
53921
32725
106262
63462
42885
29580
42475
24474
106479
84929
13657
91649
4545
112766
59689
49156
16527
25895
68884
112614
101075
19271
116996
61481
60280
14326
104618
87146
80800
81841
24636
31118
22484
50070
89173
26253
10469
13521
9088
53123
7842
114488
56273
106435
100392
93342
111160
77127
114403
92530
44007
116439
28018
2568
97733
11998
29487
14847
81866
6799
102510
102621
71084
68835
86406
38826
114693
63134
30925
101409
113067
99141
102569
38519
88028
114009
61905
32887
50232
82659
5727
74956
85749
46777
85135
106680
17644
19121
40200
48011
16054
27236
98695
114967
57415
46668
113960
12626
36448
4086
74488
82552
91320
2059
41083
13763
29542
119945
18231
37483
31200
20116
47363
50553
19206
74709
115959
114689
35866
26550
90692
26062
77352
5941
64489
17528
68473
309
55727
69317
33763
18584
21738
78685
32402
18477
46822
84535
34048
45066
103763
58955
10090
18550
50094
35310
100222
1286
14072
64126
62017
30960
83862
53715
44014
19379
94014
66463
94990
111312
41326
95446
4952
107214
7088
40508
83497
11678
10975
98644
43779
85956
112927
27054
65186
37302
19725
88679
91873
98685
62792
89218
92552
45567
72069
92115
97085
102174
87105
98027
32994
107773
102410
103976
48777
1461
66439
37568
93449
24012
40859
95778
15839
103181
13090
32347
55361
5516
118744
114179
32768
80332
102968
71409
53645
108476
97838
65815
59977
35336
40687
116992
67447
44596
109563
77605
89700
7155
48664
87944
64047
3840
113262
29799
107973
19866
110505
96356
11805
10130
28575
6116
107129
105610
23490
36885
114845
72473
25897
18372
69886
51900
5187
106696
90826
65033
93966
11077
9156
119092
104183
102181
99831
16242
98970
13274
67760
10718
73308
40282
75609
35465
49203
73731
76317
116401
119549
78562
75166
116381
8616
49715
75046
97637
29132
61154
21167
107380
118496
83248
111926
95631
13416
46862
73273
49378
68372
8490
55157
32187
32987
60032
60591
39958
71811
19160
116821
74752
15965
111878
49788
97474
101091
118125
61110
40595
107770
108300
48252
103686
99752
36059
45060
35686
93334
82916
69881
113159
75452
115437
22430
115791
67248
19355
105702
4229
105317
37595
58408
2180
5756
8767
35772
31013
108013
112623
27661
77237
81876
35730
24010
79689
19861
116241
33142
1613
2941
99596
44896
91849
70314
19890
51779
57400
43498
23626
88655
73744
24578
107338
12808
60583
35638
104418
82551
111652
36122
2134
99628
11545
4321
65399
90553
18799
119990
97569
7634
43171
22601
112838
106558
12916
74208
60492
86772
64345
19603
85051
29731
83565
66240
72649
31986
41738
59337
69422
83409
50555
44217
79356
9288
51470
93712
69688
32428
57600
95766
5537
82580
55246
36710
14710
51315
29374
60751
25527
72716
39686
28969
56871
42420
35238
89036
105147
80961
43742
45044
88450
23613
56198
13774
11237
96392
56345
116642
50486
3350
8531
42832
105138
36886
59278
101814
65666
78748
88068
66238
60103
14664
61266
37807
26116
116156
98116
42431
108824
109604
108085
19733
17693
10364
108281
42203
10702
34330
61267
40930
118004
18204
100127
53993
76257
77484
51574
40175
60090
93156
77640
105066
62739
99747
42178
100570
9037
116017
96153
32734
72623
38538
15573
24283
39700
96072
111183
55830
39485
63921
4959
29506
97915
59118
117498
78037
45926
102404
33858
46956
62953
88725
36134
41415
1195
31577
117637
29820
19176
85390
24193
61312
115470
107371
44573
28894
3476
46951
30117
63977
20543
27973
35722
50478
15392
53906
94580
17771
49148
118179
98581
81946
2482
5680
113147
94312
45719
118918
119131
12122
51933
340
37258
47493
62467
7436
66023
50739
79170
79783
28591
1290
97262
45515
35405
104672
115860
93130
78406
87854
29735
112149
87378
68624
57281
22490
53216
88496
101077
5039
16100
86994
102849
64465
38076
71541
91336
85682
41270
28393
109995
106380
58687
46568
79229
11802
113718
90880
74247
51809
87228
108283
38643
107370
106085
102808
103571
87834
18794
99249
91943
61897
83148
78514
16150
20276
27811
78829
41717
97598
49872
25250
32150
25407
98508
54901
51795
113326
37726
72543
84324
21147
62975
81487
26685
43044
7420
60429
17725
40257
54904
28211
22074
24494
34672
103348
31947
77631
35263
10025
46390
107583
59980
38810
72207
51049
31706
74315
41115
14496
6912
38506
54897
62478
15068
57398
37862
56112
30873
61129
32430
21982
83742
71793
87307
116941
77881
75228
35995
113705
106636
61380
103402
54879
99289
40100
21308
34986
40997
112131
6797
106878
86695
79397
89770
86183
115526
17249
105352
11871
21313
25858
2378
12142
20150
20409
104750
19448
112007
100611
62546
54244
33231
17364
82304
117678
111397
37109
23984
32002
78711
68958
56120
118178
56158
29336
35735
106566
82219
108971
50620
11369
59091
104541
7498
21388
49684
43440
106255
45604
73200
62046
27663
41714
113403
47576
91629
44802
112509
33925
100805
66040
44692
53575
110876
45182
43548
4678
51005
5554
57462
87984
6541
118812
100898
113672
109117
24781
71847
18340
56633
12047
1880
47131
85343
32845
6571
20961
5191
93072
42163
67232
86542
76455
60545
51411
35239
86519
39144
93695
51910
108247
94151
76644
79853
14450
11330
48629
96114
20491
18390
13909
102377
104491
84961
36096
50582
21232
89451
71284
5396
31869
116721
72786
111822
47769
73417
28011
118336
63457
35658
61900
48344
94781
62525
77367
99155
21098
74486
48339
58004
102292
104310
12716
95120
43284
60897
41396
86004
98265
48456
60572
82963
14140
17262
55139
36950
20728
92356
89505
115440
99726
36657
67924
29177
49659
73143
110097
19364
16031
97983
11194
89825
38386
53763
64305
14510
118331
2359
27739
24168
10292
2103
106525
111522
15499
20370
26229
58987
38129
52818
97764
84618
25513
43120
87618
66612
1862
69012
43242
44349
112402
97529
106037
7185
43314
37314
4298
118819
80860
9027
100578
96465
40540
23659
102655
3798
39129
49845
116153
105662
76793
9117
76747
28556
89178
101987
9127
2442
116704
14873
72118
63232
76056
28782
46223
87269
68342
37723
98741
44004
90204
33007
93223
15883
2458
63383
34339
87237
96680
85065
60224
82432
27688
75098
62288
101839
90254
9224
19528
90004
2889
33599
104451
49562
70092
117051
86738
89991
39383
45086
112133
51035
105126
85736
49795
113334
45513
103494
84607
39347
32003
116524
1066
25965
37249
91804
14488
109693
3131
64733
43428
90903
99821
39600
75375
83204
81156
110044
54502
118509
60157
106780
115379
3187
105578
103366
98303
23431
106776
38456
96549
113128
15242
54243
59038
81193
105291
56666
87907
2279
46215
17156
117735
107281
69462
118565
46517
103201
101432
92452
117675
48833
37819
40957
52107
44634
16475
119198
46419
108047
11656
4601
7952
114362
2243
109112
76769
29356
53019
118574
68047
95991
119776
21571
69471
104428
51230
83525
108888
78670
7564
103032
49939
109237
92111
31320
26623
65821
68378
75112
14081
117288
64576
94596
101323
72767
57358
117913
107899
21673
17077
97208
93155
93126
33416
7867
97917
55176
85754
61559
59143
88986
55060
76306
8492
12561
58819
113303
13184
82541
23019
39493
10444
5934
88017
67731
8705
83078
84205
55960
106791
44184
14693
118684
60095
116952
119580
68855
68024
64265
53257
93635
92597
74123
100645
64321
81036
89452
76880
79977
40218
18494
19031
7181
76645
65263
42644
99131
49547
88507
6245
3751
79784
54591
35506
59509
65570
63991
14292
73418
37802
50908
82562
21218
30452
98600
109603
113503
30650
87468
8933
14976
57480
99840
63390
65380
44928
52406
76666
107845
47103
55164
90019
61766
72928
96662
29776
43409
75934
27892
97068
115129
38843
8507
118718
93953
15302
87786
106269
82628
25030
5387
16811
32325
112660
60921
6806
99685
24772
25808
14298
19882
12777
27386
51056
26056
92225
74329
30042
90946
25826
44805
15559
43615
39999
37637
88495
30888
89682
70512
11506
32441
105374
84845
89715
44715
51186
53625
89790
87787
83206
15765
56826
92840
80098
4946
6231
68309
56458
98475
13846
62237
72169
58648
100663
12051
27754
15365
38862
46206
59590
110776
38714
30130
29138
66979
99152
50293
91750
33184
102894
58496
55904
10548
75486
82660
90997
28545
103442
119341
41241
30919
114671
3712
17552
115921
7022
3582
109804
18805
108031
2318
63914
17702
4796
93203
69796
24740
30413
58749
11009
67055
57302
102778
18856
29562
51168
21612
40695
94996
33125
18119
41120
35236
64241
80054
40372
19319
79179
96820
88577
7987
81449
95727
34819
19755
4786
75915
96186
97350
70359
81962
14799
9687
46261
96448
16631
80021
47675
47084
69134
76886
87601
47864
895
28324
111006
51812
9711
77878
35042
12864
111663
115809
45097
47428
33423
