35561
114168
39030
3093
54752
70887
83377
47666
3614
32750
51826
47075
53256
99451
38530
117208
74838
21342
23715
46370
90227
65970
681
3335
105285
6692
90711
103095
6759
49428
21772
91719
73258
100388
22101
55282
104696
39965
93713
98208
60024
16470
37055
35699
86141
7863
92603
23798
4097
59559
25032
98069
84461
41836
7604
39945
80308
9387
115286
37907
51715
96417
106861
98671
45992
8838
69080
231
3303
104666
54881
70338
115632
118691
107643
6126
41445
117336
96451
58530
26365
97213
57196
90710
28077
45085
6207
33520
7760
58434
92105
9147
55649
23230
42481
50218
109478
20837
103674
75327
14291
19953
4674
91446
80495
89840
36830
34313
21209
63060
94755
11371
20347
21801
55160
71335
64565
101503
96071
96016
51611
113981
115893
4855
93215
54812
78944
92236
100945
38231
118415
69679
58313
8335
28185
21583
105370
112877
4502
102992
18006
50240
105767
58547
99908
12826
70531
93935
85397
91897
12798
21196
21262
3627
114787
105948
82707
30489
17546
54280
111770
77747
65369
111864
15946
72627
89231
21597
56733
117504
39564
31223
32740
18965
13001
89262
44694
96962
22210
13301
37865
75257
1225
76632
75441
71263
78488
42746
51714
59852
14309
57029
55597
83404
37331
9293
101006
74482
65112
76720
115491
34722
45570
95745
73119
40692
104549
108580
106157
35072
11963
46921
84244
116725
20660
101558
40197
113212
68268
7021
30661
41025
16587
11495
105324
74143
85016
90846
39423
57127
112768
103816
63123
12470
23823
51296
62859
5622
111300
50239
48031
47813
97470
23606
35137
55224
53530
3241
69517
57055
35946
76896
28388
77736
102479
87595
11612
82004
72832
11013
13715
81662
105857
84768
27940
112446
37369
13629
76817
71839
73262
83069
92834
55573
30501
89550
35986
119105
6162
92642
119863
62093
45373
90281
90623
88096
31014
52572
99288
31065
46681
53346
84200
20464
47637
24110
22263
98359
89654
87382
24273
56047
71883
60835
103088
6006
102594
16323
20978
91130
107976
40314
65287
19212
32429
102682
86547
113218
77566
83080
78162
18687
17678
62217
94325
96556
76449
4782
79137
33656
71171
22884
6283
83941
69648
65589
116047
33426
13149
96733
49680
104105
106271
23796
96741
32712
16964
48383
32661
79012
87360
76231
38112
99073
46311
67962
42552
43271
91878
70629
57650
44368
32005
113590
9578
64902
65494
113972
113957
51742
88713
77946
15420
111725
17573
37442
102623
48403
118931
16201
66326
78686
97434
108821
50689
35993
47166
88911
108028
26390
87704
51608
47578
72403
61436
105471
14216
1646
75797
84447
2120
34795
58367
31980
72437
46781
35708
24788
83553
117000
28056
9714
5824
19460
52796
66351
22005
60141
57682
37069
9526
108746
43181
14128
38001
108356
25073
111156
375
10301
51304
73758
90350
13133
30587
113399
47009
119598
66665
60905
41093
93257
1633
17789
105107
98096
114656
2047
17356
34088
104858
109351
63215
92481
16820
61420
55204
116776
64687
40480
30996
113465
28161
93380
113859
59024
85480
22069
74987
28224
44486
19352
76551
9678
114396
98693
21701
101313
74453
63502
8476
15513
104895
77045
80855
48370
73859
55007
5963
38777
33266
99750
24236
19796
42858
58598
115393
113393
54082
117400
47686
94938
12519
101507
93171
89935
87027
80708
83720
51440
84682
29620
33886
28973
32188
113332
35274
57644
78278
96677
48742
87497
61373
108434
765
978
49255
64260
8496
83306
90088
103316
47538
17610
58883
35376
92395
35266
9884
52227
82758
53440
3044
79576
19194
81237
38691
40943
100036
55508
69191
110662
61836
114423
40001
14008
32933
25800
11135
119674
102937
31619
85158
53319
73896
107328
90208
77811
22401
87231
10455
118855
114939
62604
85725
109838
45081
111244
21791
13067
114580
119887
62622
56283
82902
100390
85089
4393
115973
71879
8245
52722
3198
31978
59896
77621
32141
32409
87472
83649
101065
54393
3775
67531
35859
112697
63621
58362
4522
90045
8500
38470
7435
108689
92917
51025
32537
88516
41799
39379
83243
31808
17937
65601
23550
90730
95704
27953
48812
98490
107931
107391
53822
30581
36393
111015
91496
26905
80013
55484
12862
18670
88205
109688
57800
22775
34004
86656
5239
2278
52563
84277
109302
2511
118801
103102
112491
49004
15229
28847
115788
56684
86937
87111
35363
30901
73155
99357
29235
113895
82028
73117
96128
87001
2484
83332
46135
22492
34299
115131
77995
115838
70197
57669
58545
109997
117224
115037
54790
80296
48760
55820
25542
77266
100596
113081
72449
70587
41136
84139
116286
25279
42439
14670
6469
75217
7176
84472
13036
66006
116455
27028
39558
63712
109757
1781
61204
118813
42510
45731
735
118577
92165
93487
96271
2007
40111
40727
77826
27294
29522
34293
100362
13124
31844
118443
37006
6545
78766
114123
42410
46782
110423
69695
58993
62521
61586
68336
84485
99872
20118
106667
96687
78792
60800
70302
8625
69915
40375
34066
27209
88045
78791
2290
30423
105486
22477
88860
61167
44762
90469
16451
10085
73313
51659
23839
14363
979
95218
43583
56140
50356
70151
92977
1686
37291
97037
30564
2083
63776
58006
25242
119879
4474
17433
116509
5919
78600
70474
66415
75001
74779
38912
83195
109138
114101
83059
88813
99948
6617
114603
82844
90220
117701
112671
8665
93784
42119
11189
110501
6934
76903
26658
77813
32292
32780
117800
46535
6699
111640
25768
27772
1357
27659
72919
79425
85380
116789
22960
3899
86709
12204
4901
96989
30447
47096
66970
109575
117603
7986
39961
106038
1095
57026
57513
52494
66688
77496
14447
8149
34020
76491
43750
112808
4219
94727
26168
2527
114506
105086
27175
77432
2357
91547
107678
72487
25680
49204
68508
70212
45750
105549
104889
35032
56205
21358
104364
31739
964
89403
22419
115930
14656
118637
72554
74583
19264
82908
80987
93854
94686
116019
43282
94866
64878
22963
60452
67329
107320
88324
1444
94619
82833
106789
36409
12179
28945
27005
105935
119110
88423
55505
32489
108344
97639
105009
7755
117403
100887
93511
50274
16068
6842
26164
99681
108448
23138
63862
10990
80946
5083
82558
32183
84886
47043
10775
65750
62813
117187
92750
58789
19833
20062
56689
78439
75270
69741
24776
107292
74653
96601
89544
46064
71999
35496
16598
64408
48484
71761
90642
62121
113306
13134
57794
23841
68281
56814
4683
119265
88746
38033
50837
77892
84122
91537
25421
18885
99942
31361
22677
65206
101052
6500
119017
112632
55885
40924
75834
93968
42209
43421
67741
82827
107225
56219
14811
22538
30914
94737
110858
94546
15085
48802
34185
80416
76613
7144
59371
44687
38071
16663
49157
34341
92353
74791
50100
78859
93363
79107
44979
19479
20482
115884
7913
119668
70595
113143
8644
28601
109841
65266
118872
21493
76344
77084
93427
109354
83576
5671
53925
115994
91173
49154
51914
3281
450
66905
24669
97230
68866
66631
23822
51577
66243
84988
40579
71755
45714
75696
5623
82087
39360
38975
14941
54383
83399
4704
20223
94641
100197
36786
82101
112067
85962
31721
56959
32344
2612
117127
119134
63259
55150
5927
68810
66677
88579
92893
22576
30583
56992
3633
78057
72239
81486
98079
43316
21795
51130
80940
14518
97578
23232
57368
47178
57506
30775
65668
15629
74059
66009
36619
91569
32767
1449
60526
72967
63851
23109
19185
96496
115751
27652
69615
83699
99111
20042
50961
96283
88830
96884
47026
4309
5086
80924
111850
56939
34648
117167
64339
41803
20868
43127
39710
20498
22578
83300
64943
119758
94185
39568
78687
98758
92703
100734
111762
2551
59927
119952
62192
66171
102077
90848
69139
77864
103002
51694
115656
29885
46832
54343
11067
39331
47411
98992
116646
43609
41035
81938
14056
77879
58893
74150
31056
75383
108056
98826
19477
12996
17665
33591
92584
90552
29405
48185
16
68243
89210
90837
91768
4233
101322
73014
32123
8154
118363
75940
27958
43849
110800
96175
109394
92636
85444
79201
391
100467
119255
88378
38324
29365
51109
96349
5724
76397
117348
26733
19526
87693
95875
81135
27465
115695
111562
1698
19041
43375
2622
71102
16300
27214
81465
98274
107066
5687
27948
101665
30294
2294
116666
49421
17128
24775
112316
86936
33503
29534
86538
28328
88958
97873
107566
60703
9885
58247
86296
2789
89355
104811
67355
9931
47222
72212
23112
54409
40771
112885
32588
92208
50657
114033
81402
57479
6844
104102
101928
65221
24656
6550
59807
34378
75833
8982
57224
99419
118265
28123
73220
25606
82457
22666
36844
72802
3513
34402
57348
31017
9558
98796
14223
21511
71731
102657
33777
37603
109964
68397
68388
60798
91390
19286
104573
11093
56317
55927
37778
21553
16476
74039
107523
61017
23167
80747
89887
93370
78653
9782
9449
65182
93808
85587
6350
1877
23085
14729
7947
16450
112462
34991
89824
53694
88099
32720
38015
47746
12571
55089
68956
86610
9862
80781
110506
96299
103835
104172
23941
71825
117008
113201
107309
91874
106443
11603
33485
94489
94337
119465
61334
102565
72740
18065
110810
94829
36213
99772
12545
37085
12654
6700
578
41431
61741
8123
11181
30753
57061
82198
28771
1336
57447
5354
8664
10046
37736
110653
76399
43146
75256
85905
108854
111323
6277
27055
43847
60575
24015
97012
86350
104802
77199
16733
37016
103804
67679
55910
10620
106478
32664
68207
113675
11007
47047
93064
2682
118393
30401
51907
12727
61778
78015
47559
53058
18889
113723
4631
56878
1400
78479
19930
69652
33182
114290
79450
102035
30303
8525
112153
15003
86356
106482
10026
10350
114731
32242
64920
23272
19825
20647
21750
99562
19544
62657
107720
39758
12728
38306
1380
20641
74207
48821
110406
80181
46084
100700
115365
104015
85780
3862
76682
75899
19530
41346
77429
27810
54957
52329
47287
66574
116757
81262
99138
47369
110677
51638
82941
11826
8983
34635
26618
99653
113127
38774
55722
45176
62238
112839
74612
37558
7750
22861
17340
62726
101388
114007
1845
98141
53276
41293
88490
96447
4670
54643
90740
1931
109711
10586
74652
60991
32008
43274
44414
61767
44843
112760
74418
12589
1431
87280
41893
31402
89775
45483
98862
103200
84023
34612
114546
117350
116165
59387
27521
19288
77383
44081
17816
96029
41861
85502
46874
115218
76719
4980
5423
52952
41249
100662
1164
18411
13808
58371
6047
74158
4482
104125
61613
6741
28615
64055
24387
7834
94395
37395
114862
115690
78599
41923
17763
67964
21320
90646
38516
98627
50878
114745
975
90173
84036
98497
103149
70787
96996
93358
116056
70549
105251
28375
105217
81201
18084
57550
29245
67623
314
29526
99328
2053
93661
40442
44992
44676
51983
29033
100064
14754
86280
27077
108327
80853
55186
76237
55308
64563
36030
754
49266
100131
3219
23753
89749
41057
31216
97593
11864
45756
62423
69028
56084
117360
84525
75321
47070
113888
47816
60645
98610
9843
17971
100311
7600
73610
13735
81810
116361
23278
48478
6531
50250
65730
94005
62370
104612
106761
35867
118448
30120
114093
112117
114255
60054
80917
111728
30018
32138
98783
24486
377
23677
58540
6038
7271
119294
106821
83338
112414
28245
46616
102289
5644
17192
77113
10217
39745
98940
70656
19853
106891
40408
62541
71979
62846
104638
12631
99412
106564
44326
49297
51434
58116
84586
83363
93757
111828
27929
114414
12582
105675
45950
103785
113797
61032
27748
115385
117387
62832
7305
103480
105284
3953
7011
8417
49945
104874
54889
8620
59493
68843
61971
104303
102282
58570
86782
108541
29135
2667
33855
56833
94366
6456
23420
74586
116746
18921
108498
3702
86185
82952
45937
53798
16301
30634
50083
22682
88035
17836
43115
77687
67737
116032
64570
85212
34875
79964
115319
37580
86335
25898
98507
88633
45279
54760
29113
28195
73030
64199
105257
54920
68851
56607
96732
29355
103520
106535
39583
38711
59422
73283
84479
104279
87031
35929
72320
17822
33486
39106
73770
103401
25951
59914
6326
