70789
83898
52225
76393
31319
25195
71617
108100
41218
42037
117330
715
44709
65952
98452
50389
57608
61353
61307
34277
56074
61670
116063
81155
19718
37879
9238
12263
15168
90922
101104
20828
19273
91251
28499
11952
17299
23609
77763
72692
89611
45248
37855
27354
12211
77724
78209
69593
11996
26723
48615
67817
22540
52259
69792
12830
79403
20355
118901
106792
66547
31107
108073
17582
93838
29284
24744
49455
48112
65222
19116
5868
52906
63934
67128
98098
78194
94018
41284
78736
116550
88452
106531
1507
99663
40911
98013
93719
110954
18883
107439
103084
21614
72114
89687
70591
15897
9392
67908
104167
63001
25119
17798
112042
102093
10563
38213
85285
49573
26176
113328
87131
84750
59636
27567
105411
32456
96213
30241
5252
79138
47288
38565
28538
58322
83432
37446
13198
86187
81578
3357
16586
14759
84909
72492
14630
18436
105293
7811
6790
77155
93279
756
99858
57382
8489
118946
95413
4747
81536
69837
60808
26052
15704
73750
41135
58644
82979
9171
68462
21586
74871
67637
89489
51563
1053
119262
102533
117252
113236
79127
65605
111751
77697
108319
106394
32252
62618
18768
36758
43943
114874
105643
81142
11109
5780
66517
90511
46552
13429
93445
88917
13367
60864
55044
56798
116715
54092
96289
20583
27510
78567
62801
62445
72469
113999
115801
47870
64151
104018
24411
89758
113460
80242
36127
12153
82016
75408
118198
79372
94272
114647
115307
11318
26956
49585
16255
79148
14362
59940
20925
24843
60183
81892
112023
114777
5278
23380
113152
74715
55136
18949
47526
92999
61737
78450
17948
30264
56463
88664
86508
48901
116636
21481
10589
64290
22025
3554
1920
39755
74901
13555
74262
14284
52569
82112
62336
26679
112739
114897
28107
48161
60910
63355
58431
80486
50762
26292
67469
117696
91054
87745
16285
106261
95900
31734
102775
1548
101396
16781
114807
5510
19688
108989
116868
106270
79833
87557
111669
31469
102050
76460
55963
59743
65599
41392
75455
118495
82928
103923
103246
5867
53265
5979
82936
90920
89399
119892
3576
79507
47716
75620
9825
41737
32459
109221
36756
18575
38168
63576
118863
13474
19545
7563
82365
1652
79418
67927
94502
119459
98469
13875
18493
104786
114900
42674
77299
116346
115810
73367
36926
78703
47540
108701
34247
7843
3938
7075
117241
52560
45566
88762
119587
12409
22809
72333
28051
53992
47697
64388
33087
24984
3826
3346
106447
74628
97099
42854
88146
4203
59833
93251
46502
81904
45339
265
115464
44584
102006
112393
13563
5407
20019
86155
105793
103636
30052
29764
55949
96808
77407
15705
55826
110620
74392
7594
95686
46949
29753
101680
41153
83419
89053
86253
74968
114658
30522
62421
90303
78838
41480
99981
98263
67934
13225
119832
118955
20566
75931
80509
113995
10993
21774
90432
15321
71232
49113
91982
63912
111
61934
37219
30262
85114
115111
114998
44788
43411
40884
59737
4770
111039
33340
43668
74681
37269
107576
105272
20000
76638
57607
58115
107588
8043
1101
11410
78965
59230
90888
104703
5557
62326
5043
18834
30621
25863
11475
69242
110344
74441
77202
8472
82879
20690
85809
38561
47398
35514
13473
115033
515
89541
79944
37633
21194
109939
71932
66936
114665
29490
87833
98291
93252
13172
104122
104184
116031
3531
79442
15219
105303
31662
102891
42494
74893
73735
69144
70059
90134
101902
101301
8085
79588
43240
85653
66484
95361
113132
111195
47734
14642
10741
108042
51254
78772
15409
47481
31534
87044
25443
13761
34249
89205
67881
58
96008
26770
63989
119266
35615
73977
11000
104394
78537
49105
52876
39704
30461
105098
88320
90067
88741
100904
11270
13734
61650
60783
12891
102498
44415
54457
73594
99652
48498
42547
54582
22380
35383
115641
48553
76014
29148
97591
62431
96875
98240
92460
50981
41238
214
90188
98933
45572
5140
76508
1665
140
2704
45516
117159
47486
38676
13163
22595
79863
117056
55721
84904
84838
