98730
49809
13546
79146
84818
42042
82182
60541
85072
76833
113433
64828
53348
67028
113763
119279
76283
31315
54276
90629
11772
100012
32977
20267
4250
10189
73558
30129
64612
27945
32307
72119
92038
55477
113916
76883
43148
52339
34075
53667
92310
40083
54053
40979
5230
84283
92561
117989
60401
99884
21258
22997
53965
59923
85703
10875
4342
112496
31284
66837
49889
103791
8355
61898
53973
91834
5507
50777
23646
106763
89617
115394
106931
29658
90495
74585
68518
31064
106543
28007
106982
99955
106570
9378
101961
44411
53904
40332
28688
11600
67284
65288
72932
23229
17908
94534
110114
19466
28320
79972
14631
118188
10468
119031
3934
78824
7470
98936
12374
14991
86252
91690
106147
63898
72461
105906
15457
67740
23703
98309
31047
38069
18975
24488
11221
90262
104345
64525
106433
78775
108245
39522
23698
83878
37180
92344
70051
69263
20032
33971
118535
102759
57577
18505
89816
24331
29013
116577
73100
50025
103810
27409
86016
75443
70358
119643
67822
31228
95477
20402
17848
110587
84192
119419
72771
13990
15316
66419
27573
97446
10354
80102
93565
62732
81442
21507
42465
98999
57516
113822
36555
60784
101159
101585
15056
71721
23410
17835
44057
71871
43213
18353
73827
100855
94197
1602
118656
16514
107580
84987
29488
3170
56759
84037
4907
72816
77313
118661
53198
47721
10370
119925
58511
103156
85329
102534
59778
99669
83452
43170
72277
64551
57980
43323
7602
107112
62800
38122
71333
21945
14196
26817
4561
109851
30074
85895
1580
34081
50398
56246
79037
93705
1555
7340
78692
5298
109483
8710
76918
114420
35775
65328
109895
14932
110008
16053
60290
27901
78698
7857
53931
119175
113276
75126
8509
58501
113179
5455
66892
5498
40624
10269
10666
60895
103142
96835
102477
63820
110004
83132
42471
63958
44792
25837
4114
54370
10102
32330
24718
72263
18501
78318
66393
61259
56394
65064
73185
101973
25314
24214
9098
76920
112584
116790
67225
105550
78178
79832
19442
57371
49721
61313
30349
8713
92630
82965
89058
15926
57098
44974
71204
96912
47419
45631
59931
5348
45379
38437
11521
90334
88950
79475
101273
94672
100170
70398
44517
56134
116855
111364
40135
103727
60617
36593
9848
89947
5192
38870
33603
45039
38606
1538
21940
4367
77231
66689
96320
111521
116227
47393
117262
16660
111251
19222
50932
48178
87912
62270
35560
93911
114677
72944
84217
106598
69526
106222
88818
59078
32102
116335
62050
27481
19229
102904
107286
16276
13689
18041
41046
38524
75565
88790
24115
45931
77280
62534
38147
56030
103760
30466
86824
79477
82312
73795
44253
2545
60209
6877
112854
100188
104870
49464
20433
63236
57450
14147
85396
25366
33997
48842
21043
22791
98505
50597
64695
846
81003
92985
110854
27784
30687
117710
71153
69962
94153
38097
7796
76912
84179
4040
34514
70965
10801
290
55558
78163
19663
95091
5793
119992
94586
68411
97839
44219
99820
55230
83669
93967
7117
63432
75701
22996
8831
106397
66816
91544
36620
62197
44808
31369
23302
19870
8072
20857
91993
101293
23417
97630
10994
119475
115944
25581
119989
105377
87411
28085
71514
75289
27315
84599
82661
40223
22944
65388
4729
61166
32514
39052
43597
95944
79880
54774
48036
47545
111975
10185
108050
41142
5178
109849
17167
56186
51973
77598
91489
100352
82172
36328
63024
73237
94993
39184
53373
115971
113817
92407
61180
32361
76792
45649
41410
14189
18985
113541
71029
107318
92809
89531
67786
119181
68266
70005
99864
84342
114271
94551
45505
7840
68596
81944
109598
92625
66155
28825
96192
2739
88992
106097
95625
68441
91995
89263
75045
94956
108510
98997
79915
66900
3955
39685
64455
14999
47589
105493
60640
27197
10074
17953
108797
80341
72691
86498
5370
101813
7290
81568
78963
4635
44442
5059
15581
67378
16295
9441
31914
43953
60840
116404
68027
14054
2446
87742
93364
47644
25586
94226
41175
51369
104452
5281
89774
50717
22032
12147
98861
36838
62911
87898
117574
27728
64309
72241
113553
45867
37312
34199
47107
4324
91104
102395
52005
47986
119315
54940
43015
49917
80513
109951
88107
13459
32787
34006
51653
6211
321
38253
96775
17112
6807
96174
37222
38797
19980
49674
97204
31598
1978
69136
24390
8052
113361
58991
111852
3363
64171
106987
112104
80349
30411
51149
30636
3454
59251
93842
92912
90833
42026
81468
19721
14888
66580
93832
44383
59618
100149
39084
30719
16416
18046
63043
9903
96686
112160
26215
1844
12991
82937
37835
113654
95182
96191
64330
46735
12412
90781
97675
30617
3893
87
5548
37559
41835
3174
27445
64076
34155
20502
115135
66193
116716
10619
5686
90587
69577
26138
110623
79097
41259
9627
104562
112588
90318
4577
18544
109744
7195
4234
65584
25779
35898
62993
89492
68575
74200
71015
96968
112988
61942
95824
20427
106424
33289
43946
50828
78753
100081
21576
64101
93094
8001
119441
50126
34231
38563
28229
17984
56641
61720
26397
62784
50716
22281
48099
91745
23648
6216
42919
11287
15306
116451
29426
115459
109053
65931
32474
57896
637
55503
5712
109369
57345
4260
108900
83753
27007
93285
47626
87956
7056
115381
58722
74686
41095
35159
81381
55216
56397
101482
34462
71221
59475
103523
46598
16365
49279
43380
56361
10097
112959
54395
113389
68225
46705
73040
77627
18384
37436
114379
100126
68495
72808
58003
115725
56487
86995
6767
20417
73048
114648
176
5335
66399
28549
109266
49040
78054
112722
109602
95337
66137
92010
56067
84088
105979
98072
8170
12579
56680
28141
9699
115359
66709
102218
33339
9026
14555
13976
32182
24831
12807
114375
95244
4200
48961
58405
112128
109459
72516
39584
98451
7529
47073
18952
114557
4312
69392
35637
32783
45561
49538
88523
28518
91721
108636
53593
111137
21302
39403
58024
110848
61430
103629
21197
100541
69430
7390
114670
92829
118873
17788
17884
98828
68510
9856
107912
1487
82332
110493
5
42585
108116
50789
9660
8946
40194
112964
69205
3811
103380
108305
99983
7565
70599
103638
2675
2287
63924
647
94336
39871
18207
84230
45875
4592
70659
52854
22465
79945
13395
117533
74372
107572
112692
77271
35152
33058
106912
26776
71090
114826
118647
17041
19941
59550
35085
63900
23566
109392
15952
74574
11933
67931
3948
34631
111105
38567
57373
66485
75633
98588
37821
100705
15383
102603
93741
58856
50801
11323
91722
42121
55138
67043
74550
10588
25846
58014
90248
322
97709
109141
29761
96309
82931
10245
80756
27274
118915
90584
46989
104230
105194
7938
43212
49677
98669
68176
63393
52274
70366
55294
57475
17362
41918
112039
80601
70122
77612
118054
16765
45969
78587
95522
28471
72731
75843
108706
89015
89902
54520
36487
90958
33162
82870
229
109778
31984
6838
108518
95949
20645
95075
20964
35930
69669
17414
56282
8743
59444
71142
58963
15868
4350
75169
93817
12723
61302
68104
106266
15647
76697
30972
97978
85333
109455
48209
96818
78110
74528
63148
83683
72138
78601
103576
33513
68618
39586
68895
38591
49836
105132
109010
97261
83307
90906
25023
19584
84575
87102
17958
22865
27206
92730
47845
26681
15466
94245
49657
119044
18595
68257
73842
35983
71323
67816
68457
77068
93849
79121
63108
50494
46096
118064
109546
96787
35968
37890
95972
97109
47871
67202
29629
7452
115724
31635
116120
22439
75891
114599
1875
59270
26309
40362
87328
75137
88846
81573
37740
49175
68315
24134
96857
36479
119520
55753
100905
96865
95861
82346
95278
8845
48506
57160
8164
48315
85410
56111
81467
24313
58379
31626
27392
93992
119964
8074
62096
51373
58284
58417
9299
13249
99306
99560
91282
75763
36651
85797
106207
97133
354
9381
11231
85663
15970
85163
79122
65793
107122
45893
60588
109797
98653
118100
44595
70598
13582
91029
114339
34598
45847
93075
42263
6341
47145
68636
77269
1917
43740
38705
57271
64097
33129
14780
74848
55704
118360
93172
80566
50095
78442
4873
246
21699
54254
640
60112
68548
16908
85420
58771
54432
65927
105515
9765
110258
118590
55066
69042
98317
89659
105360
112389
92034
9860
111768
17110
119710
55248
98015
101342
95556
11516
72170
34144
15275
15446
45187
85778
110349
74957
97528
80644
91275
51227
102954
52466
93762
78417
68410
57566
75515
86904
68339
85579
115780
60458
64816
107240
56596
41611
48771
73690
84831
6626
118343
70050
18199
114189
27619
5878
38961
40928
10507
59181
48442
2652
70521
101899
47260
97054
62744
103981
17070
119449
111808
48912
69643
94124
49142
28531
39313
64322
112693
82293
38723
16608
97863
18051
110191
57239
54644
22958
35111
82999
840
90202
49619
4291
39917
76853
65227
3805
77646
62089
53269
64154
13164
13514
12592
105199
13324
110174
92828
13708
43700
113687
29043
109982
104711
854
112312
49972
20501
29927
67451
117832
106283
46155
99228
52761
41639
