3876
118842
17341
88557
86384
94123
29959
22075
95826
108181
108923
70457
23116
9348
49790
18570
65402
110762
83559
54987
83962
11227
42642
97386
63401
81443
63189
87019
56855
87614
71473
103057
4713
59829
34156
67014
116113
7170
105109
46359
12149
22837
31877
27535
48853
49587
54638
101360
85233
19714
44402
19800
99115
64743
100496
7937
32044
3076
54747
22468
68319
96350
87291
70911
58252
61563
85079
95032
10824
29650
60765
26729
57228
72918
103772
82762
36376
116901
65188
107512
72638
62287
63104
94926
86188
77798
82864
90416
4115
94741
31044
28243
67429
102056
14863
90228
108838
111038
118860
73303
57344
24306
92815
79368
95150
5791
72319
29074
75195
108675
22575
8266
84638
25101
41588
106942
103332
14182
113934
2529
67974
43260
19189
51818
89813
72677
92903
917
85670
116436
20262
68902
65348
98301
103492
74087
44837
5509
65404
31910
111901
98918
86620
82284
43464
94288
69690
94716
77677
35814
3141
4845
12955
110831
99382
117944
24227
110303
101690
26129
98865
40701
37786
109191
98083
110262
89152
64282
95080
100766
66904
115613
114424
101253
43904
66081
115713
7868
20710
31189
92117
100361
14201
81075
22135
22489
75562
87626
95692
43468
25789
73780
105701
54698
69467
1143
95222
37399
2351
118866
21700
93794
56255
72854
46658
11463
4541
68386
21069
60679
104576
26165
105671
8349
117496
73093
56077
54059
117882
41690
21448
24703
16171
26835
19578
96653
49239
24676
112696
112669
34805
89846
118
110291
41453
59643
25329
44372
91006
60573
110477
96167
85206
24388
70022
104869
68720
17290
84269
25059
44724
102405
111101
98185
100626
88286
55337
58411
98249
33358
30476
106300
17886
27026
119509
22790
89651
59273
54724
44450
70885
10126
91777
51698
17903
81570
15304
71381
76331
32829
118372
39751
103906
106601
37374
93026
80504
92211
109614
56839
100339
34326
67874
56927
76895
10411
21607
81980
936
22847
70626
2820
86018
113056
46639
20830
87236
83697
78117
86435
97458
24797
116260
40280
100839
81408
92063
112937
89674
34878
96423
37973
4020
100155
70607
59685
73116
66125
32844
95285
59663
58877
115285
6833
2262
45548
53488
53162
68741
94756
5016
114091
113021
72910
53421
24894
113600
40136
95479
27258
95880
73177
86808
10736
67560
85305
70062
33173
111772
54408
69091
6765
21792
14352
45184
112379
43986
17952
18532
12030
16140
49605
19977
15828
62282
50051
86687
101840
107330
54841
21208
40250
90314
2558
41697
108781
57155
11622
4821
98446
26613
6554
93905
72232
25798
69484
12169
3217
6839
22804
12252
20777
11271
55684
36506
85730
47583
19003
26509
108259
70554
103432
94723
26442
91408
30471
84853
81445
53220
97976
1597
655
103328
35522
52875
6301
47267
5717
95394
59174
119656
21755
64806
107850
10873
40244
44723
99698
63046
42320
46972
116033
53193
78992
41851
20561
56513
38040
44257
36268
47257
85104
73275
104701
37496
80202
102421
80732
117741
99721
85326
75943
90475
91727
40052
117042
52545
103610
25739
71903
95168
49558
117679
65343
107055
103745
101626
89097
5375
34072
59766
61629
18888
36871
29409
49448
23434
83184
75706
29901
77761
66993
79497
16562
83710
100435
106487
43894
80865
107826
6471
91806
27502
108623
14944
79797
36614
116099
52249
34898
80929
28734
75944
26632
98202
39503
24400
92732
57655
46805
97769
82047
17185
80448
113767
60475
32873
95763
7166
105485
65987
4745
60366
46675
56576
118081
112720
28766
47149
68482
113467
29325
39529
58742
81056
37916
14098
106583
95563
13614
75700
111838
39279
89487
51228
92172
48009
117280
118961
23150
23281
66185
1990
60191
69569
95100
82000
78658
41776
115509
57646
34123
105186
26859
34801
63654
11136
60100
111262
7832
64091
987
102757
107474
12502
50238
108135
114023
117769
99440
107098
59912
31041
31699
47343
75229
27617
44745
53833
54303
116939
34804
73460
25227
92473
10068
26026
116264
92280
51722
44785
21432
110135
29268
78224
98558
7432
7859
55310
70664
37382
49832
64854
45403
96225
23496
25929
101054
45911
10150
105099
94246
78394
5624
68275
61799
14493
51981
88608
28144
114309
6109
57038
22592
48727
95731
2841
91406
82636
75099
10426
106446
91110
58885
99638
79877
2808
62045
77503
31461
107169
119795
116253
51179
52136
55122
33650
69311
19276
75986
6210
87130
27572
19384
51903
107625
116575
45441
84897
93555
20100
108881
55078
17203
117685
43139
7749
115347
50469
85227
7266
4382
15080
74037
94176
66163
89109
51060
91933
29
69974
81912
17019
14334
64342
6678
114452
11616
40709
38875
49550
22498
7242
42806
1991
