19213
42765
98689
90231
55429
104034
34592
103651
88082
97165
63147
52371
29682
67233
44918
91359
37742
27716
105298
99878
96011
88132
18035
83453
65749
1693
16707
119168
50107
26209
46780
24698
41482
86063
93325
61965
9791
14958
26469
88031
313
119466
94995
72441
81873
40137
33804
51270
112679
67176
18835
70503
75773
30253
85863
12185
53327
112278
22188
114981
8992
28281
60746
75355
9947
24027
95957
110873
73208
85306
43084
55181
4458
35740
85057
77449
86991
8313
55651
92493
103398
41020
6447
64040
39799
117921
63762
4875
4717
66170
39699
85800
35627
45775
38375
41677
91114
93213
84837
3957
56519
60619
11052
37512
117232
116995
44204
73179
11821
108443
86364
45343
87447
35664
94803
41644
82444
69187
28131
114997
3337
49544
49193
104104
53559
46643
79285
70896
16883
97879
35779
119648
102930
98531
30104
97691
19128
6752
40747
116484
61001
49770
50822
108826
23248
4374
110278
13034
83068
7071
111363
47550
25640
22550
69588
30286
117774
61955
43691
71939
100533
3463
32379
25291
27571
37969
60865
111416
34544
18995
19835
42080
58428
19517
112748
106778
3436
104661
48441
91905
80035
23049
110974
35952
70293
21059
41831
40863
60695
71733
31140
104897
111166
89455
13684
15435
27157
47952
78734
50880
69323
105762
95845
64614
7400
35389
1918
4386
22940
100345
91946
93388
4028
86593
82190
8481
96592
90678
62901
91279
104626
44719
75130
11737
85358
62626
46214
47420
100357
3118
42184
72582
59904
61404
15714
40009
90488
54700
107543
7522
14695
9753
38197
45637
84553
23758
64679
92674
29149
44491
118508
25179
49318
99245
88833
53260
25386
2623
40264
36195
98869
92539
74993
68503
47089
25851
38564
23194
62461
69411
85492
70518
102550
61498
87783
59396
103873
32771
72630
65517
3193
17920
75262
959
65978
64789
85337
16372
58228
24990
43285
35978
25371
46558
59243
86801
90209
113102
37575
6415
80441
82672
73832
26118
93352
27648
42143
83380
37670
11365
88433
2028
110933
101538
105249
32340
12253
118197
62350
5911
117281
3384
31145
72785
99541
80225
17191
90411
87904
107997
7488
65620
16316
95897
93148
91120
87569
78463
84718
92804
44653
51300
50397
47665
109329
98738
16818
115505
8438
13957
37047
33451
39739
6065
32294
64641
71136
48505
71100
59300
73997
69285
70784
90931
28613
12674
14835
13724
107243
10955
95829
54033
94632
46317
109980
22800
71550
4299
101718
118318
71972
69186
21377
19095
53584
117997
2728
117940
35015
36037
32313
16347
75425
87818
58220
98391
8183
8903
55019
58838
5542
36027
2517
42295
12272
22252
62187
71746
80176
1221
116791
59877
75470
8493
73591
19992
64449
104525
55458
118542
39733
59171
109745
22502
77551
43459
25098
114842
29914
110313
41735
34713
20049
52228
53635
89721
37502
90621
83986
116615
114572
9685
117313
65040
63321
60249
119014
110385
50289
9566
32540
92183
119929
100308
75618
18153
48396
16802
92623
9203
15896
91327
7592
14940
110065
107418
89986
17147
49083
23377
5697
82305
54821
36273
30
19954
82534
50247
32394
44844
58324
29432
102230
86060
100216
38210
103534
34513
29475
69583
99966
57505
62005
86804
55481
90963
103070
70287
79684
69641
3269
191
119167
69269
58059
32956
76421
27523
26441
116364
9270
83567
92112
59514
34702
59383
31854
62239
31554
45325
119046
37610
115548
119907
6780
91237
52629
101483
63766
40245
7230
21414
100468
34780
47876
78494
82969
46779
9874
68466
59957
60310
19601
72455
40505
17080
10535
17439
116231
9630
106360
81205
19059
112869
18195
13827
104927
44526
19808
21382
107053
96505
96352
85071
22400
48144
78728
28577
12161
76172
23569
64426
27150
49181
99989
30373
3148
98160
106137
10692
41565
105038
72586
68124
61635
64038
108177
66846
103288
106724
62803
40313
78350
39552
106578
86660
48328
2303
75589
83994
32176
9803
63830
18614
79593
90795
6725
115759
79820
93779
14893
54566
86169
22240
109587
32113
106657
59836
10962
64580
59754
55810
102085
26606
56535
52630
76536
72292
116876
41096
12046
80326
93125
46526
43755
61125
6033
75291
51913
57622
81877
10936
12986
107266
41814
73727
7058
65492
51038
116091
56489
11393
104516
45209
90804
119170
69759
99963
38589
108984
69756
26115
62169
93165
10391
79586
43209
104898
88059
12388
73597
74062
49706
12164
50465
64974
84443
26980
91429
99401
96795
48491
89356
34828
3075
64944
67797
99123
62700
90988
59377
110621
86750
100328
72819
80261
54460
28885
64258
80281
92638
42391
33634
71375
99435
93091
37814
62964
67578
5607
45667
88635
9525
30929
64143
11505
72753
107181
16622
11496
22249
103736
58407
17025
110050
10436
30594
115677
72186
68347
61391
52810
69556
102526
33492
111360
15406
78469
80256
93306
63494
19251
26297
8850
79772
97535
69258
75469
72115
111340
101724
80287
19785
108266
53088
78722
66379
83948
96531
100330
4853
62687
85084
50385
115309
50418
44408
95449
77614
45464
108651
50799
39572
21766
95294
41585
22554
52688
113649
49191
64545
24720
24542
91712
118617
100266
114611
8119
82547
17957
91981
14719
85958
85202
118630
36892
72248
78435
87560
83529
75226
82324
111208
65283
87309
55633
84114
66175
77847
75729
116993
100478
9478
115559
116566
51580
54600
115330
55393
56512
115189
19312
6009
30589
52686
64892
119760
74582
105894
85161
11326
82311
6592
83548
87083
103185
85379
9194
26530
79396
58426
81437
1532
60873
10175
12580
6591
115654
116394
75407
24456
43549
84719
6604
49509
83433
118261
54783
102418
51877
57117
7707
55761
76387
37628
24623
85658
49524
75626
119982
26743
79966
8608
95896
92652
33931
63786
620
41764
75281
49494
4557
78409
104902
92742
101255
81041
108998
52131
87711
78959
86882
108523
68942
97408
49358
22018
40630
15230
55284
35629
33619
100010
1460
25538
49669
69600
2609
49497
40697
48836
115554
86800
23837
102090
33012
50000
8968
65260
57093
4641
49885
63287
50931
21368
65444
69747
61539
22753
31500
4751
68874
17153
22014
22082
6733
8520
52144
79041
96010
100690
100184
27285
51573
55975
9771
37534
17236
17740
108369
30004
83174
118484
95939
37067
63973
4787
102877
23419
61296
54568
15404
92922
43094
116344
84566
57801
86839
29552
24528
117638
41155
65872
18654
16138
103924
97624
69800
17649
63986
31172
89747
118041
111081
11474
23522
66050
16369
32627
114182
29728
55860
93983
71414
37059
62683
96747
86929
62411
42686
13924
