10439
59788
6204
97320
71271
61283
11213
20245
118520
118898
40340
47928
24107
24631
42385
53720
2247
7494
410
46484
48063
5344
86099
50630
29371
104353
75681
75275
30020
66642
103528
12195
67324
115222
14193
5852
29952
97767
5534
72477
17312
55798
40689
104892
95844
37921
94008
8652
55350
801
30550
105308
78234
72933
119896
79927
98504
31227
39056
98749
2016
25215
96651
79643
81767
68634
70365
65743
110992
50839
78031
56336
71978
10817
31975
79861
72581
32854
3823
21369
96098
42940
96485
73041
58822
67815
54
103416
99835
30488
82239
824
41554
46263
60123
114699
95265
21900
78763
4884
30782
14297
25676
42375
103117
89836
24389
12095
33149
38607
55021
107529
113826
30029
93860
46171
72337
104315
18237
39011
59906
117328
103951
115404
69505
87432
6233
115154
106402
105316
39003
16516
97335
34287
557
94836
53466
55303
61844
54856
88589
97617
92302
73282
23848
80481
57890
15977
17477
18275
49934
9922
40981
48386
24373
102313
7074
34563
2717
662
14834
50193
71766
101498
37761
67624
1739
108457
217
60014
88441
119856
8259
21428
102268
26664
84050
52981
101677
18586
63268
115814
14982
33374
20151
53105
112202
85294
104325
43880
75013
77657
59161
63799
56195
81868
81724
74917
17862
58980
45823
56770
84516
117908
43109
124
71066
20705
13917
3077
63985
94444
118034
58087
1463
56965
102816
82825
97201
8609
50930
78496
78022
107540
50524
17040
47670
113835
119796
18628
45286
81722
15749
61788
8414
14025
30161
22818
51817
70944
41459
60912
42001
4866
71588
78624
91654
32011
61221
101525
29416
26599
103663
100279
87770
115333
18971
36911
27280
47894
28351
111924
109467
65860
107163
12773
101782
97226
45808
18045
95020
9324
6282
81495
58134
6653
109273
26069
105075
93073
22929
24801
38039
102269
101641
60975
85093
30205
44142
99499
91558
18568
53747
32233
7221
87220
31396
74902
50688
23228
61919
114145
71765
117249
14634
65218
18220
112492
99815
107847
46034
18880
21708
85110
62041
48619
69027
79306
92930
23276
100215
56123
117681
5597
29434
110395
115799
55632
78543
3704
57819
67108
90521
7519
95760
65769
50054
74572
85908
19153
46265
16395
96767
30890
40379
46131
25330
76542
59073
37086
28679
94164
65029
93399
35000
79745
100254
3410
68550
74004
22862
47979
44241
119817
10390
29231
45935
61781
88944
106526
69355
48633
82011
14565
109567
4275
100360
25954
73820
20069
32775
39125
104305
8062
29295
36297
77682
33083
17395
112923
75752
18818
82194
28765
64390
61077
59573
72973
117367
11063
25926
13518
81979
92361
26222
92862
105348
19860
27566
69853
75857
6890
111271
118782
103646
74433
99267
112966
119211
44384
119183
94387
13385
9434
23326
79872
30033
25433
47877
32900
110391
30840
112342
62638
60735
56563
4454
116277
67804
98716
110039
8868
101598
21238
68585
68166
52053
60986
104529
114192
23843
67299
29067
33676
88025
83260
94967
118798
95758
25562
46011
63738
19682
66151
77950
13542
71629
33371
86543
98587
676
98964
58334
10125
38327
18268
6492
43808
83922
22574
60011
7121
90473
93432
79186
38162
66354
114674
77897
101965
89880
63394
23376
22586
63300
118591
107013
99375
43591
46640
117588
66219
50685
6496
61005
118492
27072
97939
105615
100710
9602
49300
29866
83250
118645
87758
65194
71105
37270
6552
114036
8785
63094
62194
97185
58250
15555
19916
65527
90945
104020
22992
12795
16469
197
116207
41698
26375
74943
91906
24199
610
65691
75510
42418
17635
113719
117011
78837
63034
25509
62365
87781
19839
46751
53865
92448
49280
66011
91208
108127
59217
112456
77779
37860
60936
22442
5869
29830
71294
80731
74211
67353
19876
63344
3259
105770
100368
27379
63350
79394
93207
20113
20166
87973
18067
59197
98996
110056
8688
50442
54710
109073
119631
74604
104271
84823
113166
108331
70327
80893
37345
28517
54211
76142
21857
95248
117044
46708
112928
63787
52999
4369
71749
113640
83510
5920
79984
72548
13097
3201
1696
23042
37011
67789
48247
29051
60743
89464
55821
27597
48116
21543
59653
72569
42078
90578
100641
19991
108982
103354
115008
42102
101333
56300
5544
109864
39767
45470
94297
110009
105182
36814
20631
13492
70391
59844
60636
82443
34301
68442
53243
20405
20250
65482
114766
59399
20022
113228
6279
72610
79188
44214
1085
27864
102147
29872
54853
76217
112114
55601
68744
59531
101981
53191
37208
35241
98174
109694
39637
56799
63691
32328
1398
96237
119215
31683
23855
54176
111269
57836
106920
61843
86844
97754
47206
112370
86830
49052
13334
73654
17845
102845
55274
13853
108232
71236
27646
99782
32616
86524
26771
10466
30046
20485
90644
45423
99147
113819
115275
25749
19497
89241
17123
6677
46477
4823
16894
90424
32650
80364
92309
49994
6293
34593
16374
27655
67471
69122
99196
45746
26748
19139
113745
92214
117003
49211
55772
112578
102310
61521
119807
76612
95848
112068
6871
62434
26259
10795
35581
85265
79136
103206
16885
45820
39706
1621
18674
96042
82336
54099
14504
69185
41199
91269
42035
11153
41379
93744
96836
37423
5873
11118
90409
61447
78549
47185
25252
21239
106568
68799
52240
71658
101407
52870
111759
15787
6289
37110
50161
95196
19021
65075
96942
75103
94443
21842
99589
95136
22301
57360
2321
20354
92549
8103
96819
60205
41436
110610
104005
90162
100135
67338
104781
114025
59258
80669
81853
22422
32935
111266
104926
6254
97992
97533
4045
8229
20549
33578
16821
23681
23669
2316
76921
22631
67652
71738
93100
40995
41739
4396
91633
57048
118774
101958
9584
46376
101764
74515
111016
81571
20648
114044
1015
5799
119991
56734
26072
4329
161
107363
117827
99876
23161
57215
36819
62693
111857
49164
8995
230
43666
97321
48586
30967
16083
1672
56151
105849
59542
108466
22793
119415
56594
79723
115877
58179
99913
81888
66548
12254
85557
97128
108938
19913
13232
111779
116262
114668
29121
112994
53882
23291
53953
68171
87426
50075
28522
106343
57002
79328
22245
39445
51098
104284
9188
26598
7002
60972
42201
66489
64288
