17460
105885
7177
60330
83574
86143
91767
82948
101676
38111
96044
74796
17834
92777
28817
57191
44783
77756
89607
95253
83407
64207
108792
43352
94910
116736
49551
39853
100575
56551
14114
5217
99850
28171
63807
6523
43482
88964
51173
105408
113955
29991
80916
23153
12305
93538
19390
88995
56585
49493
61280
50872
48837
36925
7497
41676
48458
47480
88022
44030
111565
8272
103028
48895
59023
20099
59285
26083
64488
47227
111319
109379
43349
93720
86762
105864
92996
13477
34974
30284
64990
43543
57015
100335
60416
113554
118370
74289
105896
95110
26607
14377
62500
55086
14812
101357
5904
89783
33497
15459
118160
35670
80164
31191
9689
12359
114065
104094
117210
115910
36314
19071
94667
98175
87073
80834
114906
15291
24075
32257
100457
93593
99298
22747
30802
13152
49055
116680
74484
94548
34538
95813
75689
71057
25633
64148
119563
26701
38139
62829
69447
60563
5012
81723
49044
114111
16642
399
96564
39038
48817
7437
53315
60228
55838
15649
1116
50552
39723
72530
100724
82102
101640
110562
67598
51578
97594
74080
50991
16511
34553
29989
49301
12667
84545
82383
107404
34447
18917
95469
86541
24878
30234
94834
115894
53612
48918
79483
118428
74108
41956
117457
41930
14220
3111
55755
95783
103702
12134
61944
112387
71893
31310
111427
50579
52612
65554
104296
94690
45034
71293
60785
82295
61656
8965
20875
11544
11705
61476
112226
84875
40867
51768
16773
73833
10887
33552
9756
104199
14093
16670
115567
89559
43961
10389
92723
96658
65420
61502
15491
107366
74860
25339
24048
61492
43076
116629
106086
45553
104213
45811
5107
62097
14564
114719
49957
72828
89214
35355
112508
22447
77560
38305
62881
78970
97652
30871
3677
53583
17851
26374
47594
117742
99286
84824
110869
66003
20242
46253
2489
91210
75378
734
48675
10223
16253
56187
20044
55818
55428
16723
90570
61148
8586
85344
70562
22499
18744
98101
70877
118438
25226
40862
67401
111653
43223
79281
101456
33556
93137
25595
49829
30318
111361
8588
45663
59168
89440
107478
54691
86849
92399
77675
44107
55933
96951
105490
70135
96722
7813
53513
60158
94982
98308
69332
39506
68761
64738
9090
2499
80814
115730
59891
117027
66637
9880
114518
1326
58001
78924
42906
54606
104939
79674
9123
81271
69309
101511
21332
85458
79902
62264
20497
21664
39749
37100
54996
