110806
55759
80786
67149
30434
20680
44272
39096
7034
100536
31473
10442
45580
28683
5729
102673
40066
34263
30630
4570
91819
70172
118636
14376
110277
111859
30838
49752
109731
21805
28404
115473
74177
14073
41092
102626
37032
35885
35367
13598
18464
45786
12035
49209
7612
19473
46009
89741
45415
73529
1132
18289
110644
103144
1008
98698
8876
90909
15479
4554
39473
1511
82267
5321
27253
102309
37484
106353
7444
72667
66599
72709
7989
118196
113837
118105
101242
64170
84229
39316
17102
16776
40806
114231
66416
71698
71043
80271
86866
36215
59760
136
31112
113486
108086
113435
100594
90799
101789
37812
79269
61448
67309
21128
21240
118007
26005
62406
45384
117907
17388
25420
108593
93806
48655
23884
87879
82724
15605
17767
3341
53566
49556
27725
109943
74314
51776
84650
43841
4969
71928
116155
70975
47653
84431
78949
89376
85844
10613
65902
44639
119172
36170
21824
71625
84480
107213
95591
6163
37654
90671
97596
42999
9459
116167
78509
55524
40555
62906
54497
103992
74521
75608
34132
38116
110428
64766
85058
55028
107915
52983
110253
21159
67095
84885
82409
86685
12981
90093
48693
108665
91853
97949
49312
102156
20509
110977
115005
63050
68322
99745
8508
23235
83028
44221
98193
85855
32930
105461
97465
30911
61286
274
22801
73123
31541
95059
58751
37826
44147
11340
36812
65424
87341
32864
46332
104260
12096
71622
50954
38865
29693
108724
52203
39078
48190
83924
51655
107232
4817
71525
70692
2785
99446
111834
64225
6238
723
77844
8660
26344
118032
68752
82191
50286
43778
105905
106702
45135
107534
29161
1719
51647
47099
78440
84429
50942
17216
111329
106795
31073
38800
64010
83615
30529
782
11356
43715
66058
91631
89915
51588
114340
115011
102733
85505
78104
47211
105744
102246
19749
52900
24408
44729
27047
106064
56092
110106
73456
107865
77851
119998
107124
54883
58529
21074
107025
2570
103550
108000
2665
114882
28883
88750
116255
53968
1238
15808
115911
3569
101543
25548
45560
37448
22406
2942
78957
76750
75557
5358
79313
5559
38080
37550
89848
39283
11961
11057
27933
39429
98459
83993
11206
100741
13984
108009
79709
70290
114679
111807
99910
74341
90796
94893
79969
104178
112896
71183
59366
19042
14245
57091
117722
10677
105510
71247
7644
26319
73702
78681
65523
133
113787
101738
104745
93248
50691
100938
4124
97096
104670
3020
77137
98637
109196
39048
99272
23820
12521
13404
1379
39561
97453
45170
73736
32603
96493
15351
91749
69461
74821
59822
86081
108024
33057
15464
35276
25244
48275
105596
24300
37900
119192
98149
34911
43071
7687
20477
44046
75020
27270
2951
20951
73725
114377
119840
64900
114999
86339
98167
14281
56909
60996
111182
96890
12038
86281
9041
33717
15330
117050
40519
24152
60231
53066
75
68560
94840
67611
97927
51672
112205
26925
8748
65322
52164
34512
41734
39956
60391
92753
109855
41288
34327
80146
54257
72846
28398
70016
117444
51777
79116
107982
100483
22302
91185
16034
27578
119742
33413
66819
36910
107377
38733
105149
79963
45953
42814
48026
1344
99276
97853
29357
7534
2062
35174
87767
22391
101023
97686
31847
34448
92629
20590
5019
82612
11683
115090
48412
13559
61631
52333
43535
103832
46331
110602
31157
9241
39043
8383
95232
12183
35611
89158
57237
12559
16841
56786
45344
3566
47923
70725
9382
36285
111569
67951
41590
60846
73265
70750
102082
39271
33463
63397
64104
110998
75889
65702
58901
19971
53007
16612
108953
88910
28963
22824
84451
81514
99160
42554
19404
35039
86360
55897
92043
36374
75741
103040
115282
92337
104385
34067
106858
116391
36223
60143
107484
28562
70909
45975
57553
55930
76453
20952
66589
56379
11307
28273
68193
48949
101541
101957
10310
70425
67651
104839
75236
79873
69165
93609
70283
799
10417
31730
25989
60454
32907
37166
78376
96133
40227
26318
62075
70273
78148
94270
41251
84079
46827
24035
116069
29643
108346
36783
49087
110716
20739
59556
