118582
57081
71724
60253
40004
34445
61411
24863
118099
11846
66986
46792
30047
10819
80112
39320
31773
35284
54141
4070
8459
7328
68127
80196
3140
99660
74760
2916
38557
98476
45518
21276
19854
104431
24308
112929
21077
85487
110671
45110
34275
87258
11876
14498
12383
80568
52019
77790
112591
20302
52370
84689
42665
109331
105820
62224
109155
74971
103842
115048
27694
104426
12429
9473
66350
48087
30383
58876
116703
22633
89732
80267
45801
6286
75014
90307
21355
90773
46848
36945
3195
102489
58169
44489
74279
76635
116880
20642
61638
39229
80248
103236
31523
115587
77186
18932
86441
95193
64905
58507
28941
80260
103525
41226
1624
59953
34752
33661
81081
51946
80145
27286
96481
59622
30957
32838
71439
6814
71354
103178
30835
29688
17125
102278
26452
107171
76813
111495
41325
90098
57330
82691
107442
115800
39989
15616
47624
105967
69219
22807
110731
73484
20120
104829
115687
37298
57647
65299
2851
68820
46572
29853
28168
89627
62422
21600
112579
69013
78858
86489
7151
80420
101329
68201
17874
79744
2423
12437
68726
36203
86853
78595
31894
18737
106681
118640
50895
3639
45821
44111
73134
10895
8446
119433
28709
67728
6672
81605
26939
113281
41186
31462
4144
64913
4878
51494
38981
3424
76799
7697
39094
109881
768
831
35917
61113
68847
32239
105556
5877
80877
101214
36417
3313
95953
47702
3612
68300
14010
105504
108436
84980
62481
114006
75820
100713
83446
39446
90700
64198
35825
48899
67190
25710
94517
44359
53520
22340
28339
9608
12366
58572
82897
85498
44447
2824
19449
40155
43551
59952
22456
58309
99624
113937
27746
42012
72960
108270
46241
57067
116449
3000
104369
37899
14442
257
14691
35590
20129
71613
32346
62439
59647
67905
58268
118153
35649
25790
44853
26363
106382
108343
71442
44271
117463
94305
57315
107984
103022
18588
53006
57852
109843
73392
91517
104251
99895
22872
65870
17166
12177
17048
93665
37168
44594
11099
75422
108366
40037
38266
40818
100316
54785
44984
48584
57911
1882
14106
58650
91613
93329
64434
44054
30566
38187
53247
84061
30706
42216
78024
93362
32834
95455
72215
530
44090
115576
71068
100863
86921
99454
76761
97496
73856
19181
31799
95445
54482
24312
54825
107353
46745
3510
51011
13697
27061
37009
116685
104468
26045
114258
73798
61117
100317
82203
95855
108679
94664
80836
105246
90276
67755
82389
80409
65504
29926
69805
58952
85948
10926
84646
56258
113064
25308
56832
81535
44417
21660
6342
75980
73844
39842
35999
12021
29535
53169
28725
70998
22372
9496
90989
44570
94010
66036
65711
97028
94148
109228
10143
49875
48494
41848
97360
31146
95433
11098
43236
28686
35433
73955
75008
92807
92092
48763
22984
54450
88676
63239
103822
1500
1962
87460
118692
87387
110472
3425
33778
28501
91419
70225
49765
109765
18128
76571
96853
85837
12015
10187
18150
59473
16531
96863
36852
18487
110142
82583
845
67906
7345
101110
384
15755
20563
18106
40963
72585
104298
75754
115417
11594
11855
52558
43653
97008
49141
45597
57439
43060
63896
17094
29383
85251
45814
93201
96199
101714
74920
99725
11853
63159
51422
98876
86629
42138
2231
88261
72096
34576
29974
60813
57484
114186
76670
79051
36568
8811
26283
40380
114970
106743
82291
75732
117101
94889
115970
100799
105012
15346
28791
43696
84039
94210
58307
87224
30310
75810
73759
74361
24149
102280
117034
104714
29303
55550
32391
101634
101923
2280
75913
71520
105480
92413
11070
75575
86425
94330
64683
43010
114851
41515
59566
14875
71385
84565
79806
6338
72613
87521
7918
12229
50653
77691
3961
1401
112266
54347
89854
103669
100866
7887
45462
17634
117765
57615
60151
43321
82579
38983
114653
15490
82615
11567
100811
117538
42645
106234
61518
12414
24692
11190
111550
102420
53151
47140
64672
48041
53366
31345
88593
63017
83705
45153
73650
104707
73971
53167
60047
79644
91882
18600
33946
54922
98401
75767
111650
31208
117780
79340
99740
72336
36526
85721
24282
82496
17188
89265
20587
81479
71638
112783
1202
58470
98121
25177
2760
86430
56431
116144
1605
65701
51271
72162
32861
13678
7883
37141
70555
21611
70305
3030
4353
30481
3481
19301
47266
41700
113234
8977
13617
51346
74069
80986
36455
36914
45234
69102
80099
96814
104130
72489
14926
44657
49267
111275
69621
37805
35294
31870
46887
56079
81143
60163
101304
15256
54801
78217
18887
41544
91420
44345
46711
19985
61661
115550
58213
101489
100092
90011
44965
48872
50316
65647
114011
26128
19502
83044
93498
9260
36184
72799
4618
87753
97588
1192
14454
85939
9242
116423
13772
54207
40406
93354
28487
56946
97920
66019
38171
23663
61064
25216
46718
51962
26568
73012
19178
39212
48018
52029
40072
105021
7326
41007
44702
16038
8097
85936
34296
4547
106171
10015
68048
8114
30465
105023
11970
8998
2811
83324
3205
118323
92104
45668
27838
24857
8406
1416
54607
27278
19556
105742
8388
43188
51908
116305
1593
111307
82258
51606
31923
104975
59959
92304
93811
94768
92253
107724
11858
12911
21110
81148
103189
55763
105756
110463
3878
18930
92012
18044
34467
38014
41278
43410
62511
118030
111059
45021
52832
108894
73810
20899
66297
69894
91851
34936
109558
96627
19600
22347
49518
18185
8562
115553
114024
73559
29435
117912
21136
93002
71370
72378
36353
14251
17311
74090
87971
58319
55585
27064
89955
109650
99618
74093
24962
99474
83762
104083
94069
63009
76703
68399
113176
36146
85027
89422
96885
10061
69260
41038
104730
27935
68965
74674
110918
23483
78384
25310
34189
115257
106519
87837
79412
115272
116885
119965
35348
41501
31128
59489
61755
3558
93104
62951
116651
96832
115213
71560
77094
26162
68163
38149
56363
67153
85348
64285
106202
91870
24938
58688
103491
116667
98804
12080
85950
26468
105108
63573
108463
92219
104470
114345
47356
11725
38272
14401
13720
101630
48991
9060
75816
118877
36738
27381
66884
85600
68653
13918
39794
69351
75768
114917
113005
69559
74243
88033
1253
48193
26099
114654
55941
24670
108112
58143
28629
102960
76318
35937
6914
113589
109380
87260
109118
111447
91248
67700
48967
21523
95962
54397
74399
100337
38959
102700
23111
50888
16777
15752
89468
68066
15711
26394
101697
119916
7186
59589
98449
18175
20876
23699
43710
86418
119701
43180
59499
12789
78765
82823
11454
31507
54418
49906
29194
30857
59588
14513
95994
89576
63964
41266
109857
107117
29193
23860
18020
17915
114840
79829
39474
5992
910
19221
115194
14365
24904
105037
65178
66189
71429
28355
27781
32738
17267
11108
51467
106378
66797
57164
68604
27202
66401
77915
104505
13127
52135
16149
50206
20474
44682
73047
81839
52931
68586
34360
107274
111555
70207
119393
40856
32659
61764
60418
90566
49054
23978
5099
44354
57822
12859
77520
54464
33793
77556
110827
6176
97910
18286
112211
77198
61573
89616
109048
90820
83644
20540
60379
99428
39076
11549
15625
115264
77130
15081
27587
47459
18094
21711
23987
99422
7377
51236
117883
52603
48592
63180
24437
70583
82174
78070
105280
1518
80440
44614
84465
38234
57285
85988
116836
114330
14305
53516
87386
94873
81418
73766
49176
26473
20748
42495
31675
64027
86237
32443
14091
7761
37974
70068
57609
15557
7683
102755
66802
27647
89633
101678
87582
15891
34583
42908
31034
71191
106909
105329
88929
80177
42268
5496
116634
71220
61273
74599
31968
46087
27543
99134
12701
118714
116964
78113
15745
9944
49595
32757
54903
21843
31583
74404
40166
67304
112575
33975
62795
44451
70665
40315
66699
49015
18522
77767
42192
37282
69550
77406
942
50229
70218
39662
37950
110486
864
100657
67734
65042
49228
117355
31314
8794
6048
5567
33660
27442
80518
21488
81855
89266
36714
57961
14120
53580
34499
33299
28851
56257
41019
12950
45383
34589
103388
99627
26389
42248
19063
109130
56206
7416
77955
32718
94033
115517
116270
114371
18227
36507
97936
61288
93641
38196
12057
102032
44892
73320
64105
42443
43205
24378
64664
51001
37810
73658
51764
53211
105552
48083
28440
66136
110091
115501
17253
36602
55907
71213
105729
114706
116990
33344
60777
35272
71235
48634
26792
1094
106115
43038
20146
33692
100059
60240
64538
70821
73236
115496
88744
44658
102608
51666
4398
73688
87125
65421
78544
54346
84998
119983
38435
34202
97795
69119
94282
118653
20790
99701
21480
55348
83665
104061
114278
7059
62796
42045
9107
78688
62896
66143
94544
110233
90748
27144
17599
15102
6249
76041
66066
104196
6913
68279
107620
101013
72027
73381
119703
11849
40336
76923
77782
21097
24682
79646
87481
45257
9386
13357
74699
116548
50466
4706
17130
81126
96360
114889
103972
11412
26688
77728
91162
3456
12402
53408
71040
52068
34221
2001
17844
79375
40535
36123
7392
99641
25049
79844
75468
20292
36032
104579
86138
109625
109912
105169
8924
16873
27220
82619
