27328
59575
48289
115344
15318
48481
39763
57329
115030
14467
114489
65392
80741
25782
17183
61389
72719
13022
68633
63747
119061
110704
107715
30354
26666
38633
93976
23849
17829
4283
79047
104352
90106
18202
27645
70045
86721
12006
18633
94127
3296
82637
84402
116313
21515
100534
59426
58994
22831
6309
118523
32828
38224
17732
97970
36180
79896
16789
35974
59431
97870
78196
89223
118943
69003
5767
49604
1987
62897
49066
19106
19464
73695
41720
76978
38848
54351
105575
66475
46860
79184
10413
81806
101792
107667
86330
65280
27849
89238
58397
37829
16905
90547
94973
30072
89101
53478
79404
51863
33396
12228
56785
65650
114691
54337
91379
60630
105672
2177
103859
52365
30848
84396
45592
48455
51874
102095
98781
20622
101613
34371
17215
81088
22759
4614
69373
114437
1377
117314
74759
31627
110155
78735
36104
14247
16748
88493
91010
52714
91117
18069
57512
1850
15892
24993
63240
104739
70112
81556
82722
26221
1355
32063
22474
66832
22332
56080
48182
115739
60439
44598
21944
7993
50321
12113
16634
37052
1269
20372
4576
90936
8771
23418
14351
29679
79695
110302
8227
56029
41683
114672
62219
2978
109363
74658
88868
81706
85866
72660
67575
9004
101654
6577
72865
117227
22226
12297
79626
54322
31851
35439
86203
24765
103397
79259
87537
95283
52288
17490
10805
69208
65968
19972
64003
90514
30969
119067
13705
117958
49025
111408
116925
52404
1733
113422
119641
45841
6948
12888
10285
26231
115438
38554
57411
45699
13425
31726
66084
75060
110392
30276
86025
104835
48677
52960
69773
59886
54575
97700
18841
67646
92775
69464
84783
2876
21086
9805
70962
107748
39757
93465
2554
17283
53595
18027
68580
86148
85983
57036
9051
43397
96300
73157
118602
73304
105004
22187
107875
76990
49471
29790
76333
99223
9675
33890
104467
106968
88104
70299
112093
91810
66658
116278
28919
15312
2034
111824
3209
30159
35569
35268
8817
15626
92711
87831
84087
9141
59330
53056
27500
102392
105114
113299
98761
79584
119309
31143
23943
104072
56904
4571
18415
46499
107957
6978
91058
19680
6529
81346
111111
4759
41577
24452
71918
63412
101855
94338
23416
110342
70687
24618
40947
11501
92315
50667
85668
114764
17875
11768
91252
2410
16671
82353
40494
113337
29755
14659
72693
110550
36156
45405
14002
48296
89788
49730
58961
57420
47700
119536
61497
40622
25876
33190
6427
11951
87435
38825
3742
22830
74098
81598
58533
88638
27062
101092
6919
82643
29494
45146
49423
48130
53205
72647
111739
46902
64941
34335
90900
80772
40428
8391
59574
78299
78276
64150
20463
67829
75241
81291
106156
35248
11442
95149
86850
44389
31245
82934
73639
111283
21375
112151
901
84359
77981
44876
95036
91393
33421
56552
112364
12024
81281
28651
32836
32985
97746
65984
94504
68308
40752
9537
4059
42968
31233
63606
42903
46173
115914
76262
64121
5397
44615
1683
17148
54563
7473
98150
99931
9022
106223
108424
106514
73550
82607
90529
116467
116025
68028
47472
44863
100817
102982
60469
85769
80096
11162
115857
24994
70265
60053
54777
34306
22050
93079
67383
46430
22432
92682
70843
76475
5066
19374
14767
35452
88673
44933
77663
44395
62676
51614
118328
46343
54549
38497
84121
9590
2150
111920
42310
76429
28308
26981
70070
98620
27560
55803
50586
85462
117980
2179
67671
66454
2549
58652
33009
84926
92655
27128
118384
69330
113935
91086
696
54468
47520
104779
32724
95318
113294
93541
95537
4394
3276
9851
108101
45089
105163
57884
103880
53555
85365
93872
17189
57162
110757
118721
9152
74001
28278
8233
6856
75449
3365
1189
107388
1197
20664
86785
114459
88123
116517
103513
39491
36858
49189
64134
15910
44500
81518
97149
303
112564
50106
47048
24855
45522
100004
73332
10231
106785
65352
15277
61830
113000
99946
115198
72123
18984
87923
89513
53133
62085
110336
33596
17101
111960
64774
56321
105211
42924
70640
57193
116378
75969
69906
83309
10290
26657
48731
48811
25246
22776
102283
55919
26187
24815
59295
55769
65243
108012
51517
87737
87788
78589
50581
64379
100593
52432
704
67852
68939
42889
31285
4221
116825
26191
82085
33839
97394
88637
17719
27846
47368
60551
58175
98968
24223
23497
47967
10352
78025
95166
77196
119403
11609
17150
62007
12818
83209
111538
55625
45670
46881
110702
49303
87539
54022
94932
44036
40212
48658
25511
104565
13070
103544
72419
85646
10034
73593
13479
67106
40045
118036
63732
29982
66762
103482
27413
100685
28502
25292
24188
12547
19538
26016
98232
90484
48277
13740
73644
28082
8051
108241
51155
60665
822
25325
72110
40837
17261
42458
97457
91382
55565
88974
52051
107786
76611
7018
10084
70727
89076
38105
33696
49686
37701
105474
45489
76938
63031
43673
44201
73267
93793
86657
2956
66769
99360
56889
26047
55039
57815
116712
58424
59703
61682
9723
73114
38654
44334
111174
43317
80574
49152
95865
111233
25672
77102
2633
46120
24648
36286
60109
100400
89103
4518
16141
105431
73106
70402
113038
20525
13209
86741
115829
99515
63066
33353
54859
5880
35356
24699
100759
62840
6104
29823
426
3498
51656
100558
20735
118669
48732
72097
96369
72420
61021
52358
24417
4652
88212
14332
13897
90406
4138
107579
96978
113463
66145
7789
37903
32584
106542
1660
87422
61174
79445
20633
103056
42394
21870
74189
82639
110999
65818
4389
75542
56403
75758
58227
18469
32711
85982
70791
17722
40180
76937
41620
79758
50922
88036
65729
83194
114153
25787
91888
21226
49700
34348
70760
118829
37449
94017
99637
54149
116840
34615
12606
34502
45178
40219
48711
93366
26407
109740
113771
7203
6435
36764
34619
104502
69721
47595
86838
15137
1695
72681
24732
54736
86499
46967
2923
35781
38228
10467
86730
94913
28873
101832
43083
78697
40211
38688
91355
60180
56196
119384
37138
86989
2671
95442
19187
92260
39922
44487
18287
115084
22155
106627
63090
92009
52910
105443
107093
103845
2362
15393
95291
60576
83771
113123
11576
37697
110014
42060
27454
87617
46866
91663
30673
34080
3114
58292
13885
107698
49332
666
75296
94296
73449
6742
44013
10568
111967
105168
51695
118503
90288
119970
72316
57448
73162
53679
108583
35212
40370
84228
46437
119932
25048
24756
81827
117098
66462
117268
39180
67968
112203
33824
34539
26427
91556
55277
83333
54129
102792
79312
27881
51061
67302
48695
44738
115735
109357
7580
71331
35833
68908
35732
71824
689
55905
94963
29826
30140
43104
117559
59579
32010
38836
94321
18763
110447
22097
12036
50291
93209
4925
117399
50275
48308
90223
1033
43157
119060
14883
106079
99372
82386
82060
13388
17016
78676
70875
15359
53449
56603
44976
32697
103387
108359
90084
54537
80094
35285
109395
79284
16636
103093
104348
17677
100243
78847
52445
53213
16680
112108
109571
91770
44716
49776
21753
80272
