49925
79297
31049
45549
48218
100925
111742
88359
55301
98659
117016
52347
73677
33627
6003
76649
187
85143
52757
61229
71199
61504
109760
113966
24239
101818
45055
17317
112255
40477
11740
25487
108419
71014
81111
11185
86009
118722
87868
99364
52508
24796
27914
54712
5602
93437
85210
82208
90596
57136
75702
23126
91971
93381
28282
85664
113820
56045
64340
34496
75125
45965
108768
8795
24521
108197
2264
58257
101042
74122
102614
14771
53655
43756
117393
94979
11553
105810
27536
4591
25880
10104
94545
81213
17255
63143
62506
110780
101328
11673
36231
102038
17379
52514
51791
48674
49042
90025
82692
19824
19465
60716
68500
107123
86112
28142
15797
50516
110547
64835
36724
2644
11723
75695
44393
48996
72810
65501
32611
64821
5940
57719
117842
36049
112524
46701
12588
34918
95860
75138
74698
99976
15025
115659
46736
60245
112078
117560
33369
73436
4854
20052
49848
65865
75807
28026
82630
102967
117206
113135
49650
112821
26697
81758
51472
62268
5665
97622
33294
96201
42151
107679
30203
87439
66645
24950
71606
20838
70632
76576
4292
15241
115190
14175
84056
24057
118624
9251
55102
80990
25209
106537
26094
44363
119064
34851
35401
54507
46927
92201
116274
85209
22559
80514
65679
83770
50130
80018
64246
48016
99035
71578
104793
57296
55215
38544
97134
27399
2257
70259
94047
25068
87272
29364
77092
5698
26314
17973
35359
18646
64300
83526
8305
114843
3402
22191
7348
60431
60585
41380
33048
111888
64796
84701
20212
18403
54985
88277
98891
15169
69656
22283
11246
113583
99904
29181
31199
73387
93544
116080
31658
56514
108449
65579
43665
17250
80451
94465
68450
48146
8970
52405
32360
89604
54573
79364
83286
41491
2414
456
99144
28957
55080
46948
40058
26150
114216
101888
76277
63560
18780
96409
80052
62750
54002
47347
9044
72261
101992
5836
95864
95062
1787
23732
46999
112844
57073
16420
18482
37301
101769
86419
29086
91668
50844
95115
34506
9542
1874
47524
57496
111999
88878
97336
7189
54231
15014
59081
67510
51387
389
98172
67088
7217
4303
81990
32719
114116
51593
43202
39400
107910
70120
24889
72615
50950
109335
106587
65439
65081
25126
52194
106565
89139
96441
90250
31792
2892
41045
34614
19731
55681
85301
81057
93451
53870
82532
29499
109891
88094
69128
115195
18746
64783
27815
4453
83128
39696
101643
32505
62432
93993
106653
56866
96654
32543
29362
95003
23780
37696
33704
50194
119471
104838
39760
119845
51145
88089
102257
52044
82019
65251
80100
43984
68697
92772
51571
18189
91407
73006
15323
52525
81153
21570
8044
92186
82865
8010
78981
100784
52326
46443
97222
58026
18800
60692
25046
11228
51087
92635
70888
51233
110788
78141
11167
49440
30491
89985
22267
114937
108347
14623
71906
88041
74740
39236
74773
12707
80632
40241
41063
22557
66707
119268
94919
83599
43814
9959
59242
45891
81805
22197
107941
105585
22708
110838
105481
69535
75184
83214
27385
112902
118760
2261
9758
3
94343
97661
11925
79528
110928
66514
39638
21878
31512
47440
102183
1618
5958
34450
93160
79007
93424
46235
85572
89868
41675
51427
42032
97966
52486
37119
6753
39907
44284
16257
8519
97812
57717
8329
111531
5804
118504
85002
10707
58392
17563
116620
98171
60359
17897
53596
64026
119764
48103
78637
82888
57088
29182
50473
6026
40566
1375
94020
93727
77412
87610
24999
2211
75079
104831
13929
26829
21465
4407
19280
32580
50037
17607
102976
118314
75664
91032
34034
52100
114055
55841
71317
950
59893
49345
113173
42670
13576
65397
61194
99714
62836
52720
10064
91005
71973
104763
27696
