12419
27086
93828
13654
18413
39147
45162
100726
83721
16081
114519
9446
73682
72394
116268
17692
98281
116932
13353
48504
3343
114266
80569
89757
41541
67814
2700
8676
110083
16585
112478
101168
35046
72759
88826
106887
57807
117419
86873
75023
118288
70404
44123
48168
37798
27967
29668
34267
649
91612
38818
31148
118062
58316
56312
108534
47247
104182
85816
113545
88004
87186
76618
50718
38317
55239
73945
86299
562
52619
45543
47527
105646
45613
60473
59071
111604
84183
77338
98043
62930
49291
36069
119116
82455
65269
73393
101758
16779
360
19791
16193
73620
15864
3928
101415
27777
58023
102829
108490
99394
50493
103683
37576
29968
54472
52261
107719
37732
57776
72494
19722
116522
23560
54626
47345
103989
102680
23878
12227
36439
46903
11322
40195
42165
78611
89344
64749
52138
65154
7974
89056
81070
100989
61743
26578
40914
59846
35897
77535
32167
99034
2006
61120
1979
65977
114365
79095
44950
108074
25164
16755
37024
34309
88883
33951
45125
46144
83732
63421
90087
65530
113036
77931
9762
21446
70317
104210
43374
65704
65393
107063
110249
62597
79628
30986
105100
59790
1535
23883
17450
36457
53349
53955
36554
85196
68771
25806
117726
