77558
40353
6578
91012
80957
20742
74216
15119
22941
109280
60691
59936
53490
26548
92369
48864
48579
79242
46080
693
52123
18223
43683
119473
13989
3794
94639
64418
73847
98389
21315
89570
28109
4794
11431
636
54233
112069
76060
89856
48848
25657
93444
91520
54229
12331
46429
106506
9461
57758
47825
45519
6772
80315
45439
30077
6333
35242
81358
20407
87278
3647
12193
100683
36469
12294
48717
6758
63595
88162
96438
24989
1040
41621
56016
56906
8375
75785
37276
102070
117757
49049
29700
63589
37664
32284
87861
118263
112305
74114
28809
116724
63119
113335
6273
29115
80905
107448
6721
64581
119282
17244
119090
52409
16338
28066
42166
3949
103355
40878
92986
50104
91988
81416
39560
5586
57504
18196
8475
90302
40598
102911
23619
83191
8524
80703
106692
13181
96146
64760
100443
3458
55231
63871
88392
11624
113464
40699
103204
104474
29049
23127
80158
75897
21337
108862
54707
54065
49294
70222
31449
24697
99405
53537
19002
42397
27758
23058
117506
59594
10270
96384
24527
88105
14673
85625
16639
94839
11260
55730
74909
20833
92265
33956
66231
7262
72800
99774
31891
108833
28744
30803
67536
31333
116413
57338
18740
113742
39082
91097
54694
119011
2135
26936
6064
82658
34954
3423
67406
67380
66421
90883
78931
77812
4022
70004
55499
32802
107255
72668
83000
86003
60564
72416
106671
34707
38922
44321
105998
23033
28691
106247
46302
102044
13448
69516
23461
39463
29415
3117
44734
43780
87999
46373
103574
36882
41182
69069
60069
4933
32504
107027
73778
46986
65875
113443
119980
31567
65936
90082
35195
33972
3338
83427
117126
74729
98082
62764
101971
53110
52971
33081
3004
4039
11200
118956
65196
38876
46454
39008
2532
66989
61121
23934
70854
23722
74470
54336
5084
42372
25744
76176
71346
108083
104593
5471
47114
44300
63291
41668
7406
89657
19234
71519
107536
13930
94669
106036
84172
31395
78335
5786
52974
24481
57060
74757
100440
60570
2075
84975
30513
41789
98178
22936
5588
108337
86092
14058
60826
71778
2249
22581
60868
31707
14534
115343
71926
26527
7971
12936
57522
74267
97871
18427
29975
34149
69870
2575
52606
44274
8725
103540
71197
112055
86029
30519
85317
31249
10479
58902
33211
3994
73857
118009
118601
32893
64239
33605
99789
81139
17487
69315
81258
5114
70190
67590
68900
23678
20232
59354
7532
7727
119501
115164
73068
47144
5947
18290
7905
66531
57328
71321
108252
5497
14773
118739
79508
98294
24731
1606
116131
47674
106169
81253
1983
48562
29856
62515
55470
10321
77996
22597
109300
11096
95644
22315
96172
85069
86545
85767
64190
97877
26572
62780
115616
88143
107048
72043
111711
113001
11885
53288
46994
104627
97953
69997
97439
50693
111212
22854
90032
36402
115382
6103
64359
103904
103169
28452
68194
40401
86134
91947
66519
19257
49269
55677
89586
73410
118465
80537
77764
41516
68588
117121
67122
60608
85911
96159
92560
44513
72184
61458
14266
38425
17480
21990
57268
115621
67689
35513
25398
42773
39074
38823
91231
49109
58217
96450
92813
9345
77643
81340
16039
19394
68110
17424
109027
28249
22623
54240
105289
9941
22948
109437
98546
80842
114470
1140
45869
39155
115823
111433
17510
24957
62012
57483
10024
67115
10868
24573
109441
54876
49920
110185
3122
101059
114334
84374
85708
50722
627
98512
1914
2113
103412
14346
63725
90206
29860
112762
55115
62267
25088
56685
15867
66554
105306
52667
89387
29286
33029
91648
38332
40390
105807
109144
40460
63435
61026
47650
62848
81764
64925
44947
118001
11061
27048
48800
68706
78208
20456
73022
100001
11757
725
43542
69973
115315
100017
28257
83722
54624
104244
21051
26783
110678
80073
101904
43840
42640
29144
401
9734
20806
71286
52852
40842
91352
24196
54485
59244
29899
65498
118642
37630
107350
106607
58506
8250
22176
52002
119180
9628
41657
51527
100852
20196
63980
39339
46624
99933
56981
25006
27051
42101
109152
91912
88453
16959
75205
51368
109809
62550
9003
25217
66021
24275
82645
110503
89664
47434
52399
46998
69580
10605
49545
22108
101540
106994
74551
74168
75737
40281
20548
48280
77993
4106
59006
36685
44330
51442
33808
90526
109378
15652
114397
44197
77569
112683
79682
17349
111170
90465
58025
24607
26085
87709
51880
90929
112331
69503
45461
102788
8521
101283
6143
53810
55327
43892
17782
40369
68941
2146
98851
31447
11634
28966
103728
89321
97270
29504
57892
19753
15942
62351
52969
34208
48534
25484
47596
86034
50980
10562
103190
31594
50499
62054
66850
466
9553
16299
11081
52186
12587
60443
87048
45335
44776
51359
88467
40731
46008
60696
25392
80179
53946
113107
117659
66562
7140
117981
104571
31719
73164
14340
21100
74843
32818
65706
56289
66334
116433
56830
81069
92055
85230
85180
102741
110469
77260
19296
57924
11088
27517
34923
48923
72744
105881
82974
35607
70384
39967
90662
41099
15790
9237
92164
80715
8786
39253
18504
105960
70726
10463
86891
89766
90174
55267
35155
34937
4647
83276
108622
72562
50870
28270
100039
38986
85751
69704
117636
66428
112159
69980
114141
46678
103687
60749
109581
94473
47633
4508
66814
12117
73394
84846
92520
78487
67134
48611
52933
34134
7685
77990
56408
5242
111276
56921
71267
2843
71955
118223
96896
87074
70957
115262
10440
36403
84034
19017
38760
113604
18440
98634
112209
49185
47580
45914
78189
51439
9296
77292
42021
67780
3251
54708
111537
45064
118051
9757
77849
102484
66635
50272
8477
82335
36691
28983
90572
48045
90007
43217
34285
35661
77249
87568
8898
5610
98792
51543
30931
