4639
103818
89141
67133
51840
1687
37053
40967
40529
112396
85803
106674
111786
25368
37735
72914
6510
4765
39330
37815
69114
42580
89906
28409
73985
35349
677
90928
48375
96828
11045
46126
24185
79344
79942
112826
3345
119870
96948
101002
31183
31358
108672
35208
9846
113614
26534
113956
23386
45504
27613
77893
114450
63540
102467
43219
80738
115727
56952
60750
19109
53901
20975
6663
65354
114868
16699
20261
90472
117166
99030
67664
36939
39369
105659
76079
54776
10981
27687
105046
109523
38240
7005
28215
21153
97246
42849
115796
56125
32812
103337
54488
30761
84596
97635
23793
46165
110205
48340
56428
51169
83572
3133
117767
45014
89299
8959
6671
44002
47191
77348
62942
82354
27277
74617
97296
10963
101513
43461
66813
14561
110911
98748
26965
78100
68713
74345
109276
99057
9768
100150
32269
57199
30308
8020
41481
65301
53561
36900
88092
61212
45690
68781
60761
106485
92081
111214
108250
4216
89135
3438
67504
25852
35094
83558
116870
81196
31925
36697
27702
77365
92127
106224
87353
47973
13859
81001
6443
31404
91159
99212
36559
51835
51019
685
104853
83926
38299
28520
16030
93111
117843
113881
95555
76466
111520
59720
115785
61327
115116
22627
91369
60763
299
8981
13578
93897
29945
102905
102409
18898
13871
53936
48293
66727
62061
21548
60614
53950
101469
83815
32386
90714
11676
113053
64747
47233
25626
14681
428
60410
99602
15285
112195
36784
37466
59047
76743
102709
87425
106551
51031
87056
59137
114683
91691
84608
73488
53199
35759
26212
49927
28218
111374
52416
77395
71691
4795
42155
32083
76254
103074
36137
107333
55002
7070
89625
61672
48623
87716
105523
110435
48030
9731
24166
9916
92876
75477
102294
37122
43090
53152
26232
62025
66458
5056
39265
98760
40795
37515
1498
92267
108071
77331
104081
98572
93426
90457
76476
8334
34765
69884
40982
4314
14489
76362
98122
72628
106381
75075
79205
67901
72468
46771
11919
33756
95227
37415
97450
20917
100994
4331
70610
52497
101980
22004
10915
101019
66602
77475
88454
12921
84062
115797
114181
312
46379
117847
94315
117298
24625
12499
52372
82138
91106
83247
33113
31296
105365
55570
7872
38649
31434
58708
10706
80488
75539
21657
65911
115016
104743
10536
84385
88799
101844
82839
61474
97313
6148
39888
111052
112542
79722
17651
34624
66627
45996
101401
10009
112727
101287
62905
118638
59715
106839
42093
63334
84764
117471
24
16377
42031
89009
2576
38137
87608
39061
55641
105049
61443
65537
2129
80019
26638
34421
19458
114943
12490
8317
116160
20653
12624
36842
13292
101362
109476
74907
35945
14466
37459
73131
103856
29274
57926
70144
96640
113738
58286
30778
40870
74435
112648
33128
66977
65398
98812
28807
27611
55214
16886
40071
27151
7418
54492
100463
117125
17974
18948
19411
58880
101161
70410
75885
106150
759
62762
12507
114241
107024
87271
24133
112630
24296
80309
32370
43589
40418
67244
68836
30834
51989
115769
23713
53947
86145
9086
55993
77286
84559
51147
83646
104155
31671
46923
107578
69563
64211
119404
99566
99798
47748
67215
110504
10768
90509
54887
75865
10445
27065
73343
