52977
72335
36398
95523
56402
112606
58037
42589
86166
66247
52909
115271
3273
102504
16578
55906
84816
76636
109676
46673
28323
49149
82939
66198
62552
51679
95490
48117
94030
65972
64202
10222
67922
18774
77845
10000
56172
69744
110002
74171
73125
57901
40864
60277
23039
28191
58010
18891
74587
59070
114888
16713
10017
16402
116819
39720
112044
97178
3967
41023
48243
2355
106656
116090
60007
44628
84997
76821
119200
111694
110363
39936
64310
75362
69244
62933
67416
23923
32224
97710
71800
53943
50962
87981
92318
18777
108030
117368
30936
52195
54195
55583
1134
930
24972
51420
66864
24525
65478
16047
115112
11580
22835
30342
119125
4540
65340
75465
57427
115265
29848
90666
80867
82033
99614
87094
94527
92287
97211
59761
25869
79961
6775
26917
83859
62344
68704
103286
34519
36522
55159
89308
59606
18803
57065
81582
87004
60088
62246
111041
76867
2202
29073
61037
50471
57277
66079
86665
4894
102726
106323
53445
17870
118593
13114
119738
45079
16565
55883
86900
101140
81779
13550
55955
84074
45873
68073
72481
2996
14679
52174
109884
86080
19015
62886
8221
11670
49032
39542
3874
94927
63939
99025
20195
37422
74264
74359
77023
100978
57138
3036
16839
5183
109217
83336
99461
66403
91991
96372
81748
40680
112585
59964
18073
87405
117888
50080
116189
96373
63081
99823
2547
60265
82212
2258
4578
88941
113661
102511
26117
98097
72175
79759
57509
32348
66131
107409
114132
42668
1916
82788
3491
75156
100123
12443
55121
56910
540
105732
107173
21584
37658
39368
104635
13506
42190
86200
29275
15030
54411
114385
79788
58583
5549
105932
119368
13340
81337
110231
39351
91264
8253
42675
108732
115680
61046
62241
15687
91841
27501
39311
28814
98108
61880
101316
100084
70880
20534
16303
74568
113190
28616
27075
62022
67661
40210
77382
111731
74570
68059
38583
19100
80395
40426
42843
104261
44607
32894
100539
88726
117216
108812
57188
65853
61935
10596
62659
106236
70835
49702
71530
37781
35953
15697
54601
119333
70020
59890
78749
15985
66617
106759
71600
14179
338
86812
69715
52836
12744
65947
47012
53856
25639
81018
53053
103563
7106
106088
73459
27564
13627
8287
23747
22678
14657
63453
56399
88301
94855
33065
18602
32367
51759
97857
60276
69839
85109
104269
116731
75973
86777
26612
5034
112137
102210
3362
2977
104029
47164
118475
98325
52656
111831
38405
6343
92274
89640
78841
11665
103977
78849
58480
89819
46234
445
37770
87562
113205
37861
100764
29843
80636
15662
48311
17282
109697
108867
89188
19259
78145
65867
107721
25627
2443
39754
53046
3230
9395
32033
109235
93365
25964
15539
23766
55696
112610
62880
22327
56314
4788
20240
84066
5751
39050
68389
119423
43064
84347
65367
101920
83496
58795
78410
46654
84696
106859
84211
45265
39865
92357
39295
93356
31027
44995
47790
26313
11629
236
107145
114657
112470
28612
31257
28778
54173
67843
118570
115710
75968
47098
61225
27684
105677
87558
63909
53200
60331
63092
84049
110499
102382
69500
27363
36138
28027
1183
113597
66390
73724
30927
39430
47846
76107
47136
23757
106731
62108
56224
97236
10421
93956
54011
106051
23486
113125
10435
46688
60393
104268
3946
40875
30459
40445
47408
70902
37315
13771
63182
107368
65782
91504
65276
49434
72077
79567
44800
38899
9523
21439
45790
110405
31066
24006
30137
19373
75068
16971
73201
37360
67466
65007
89110
41308
100043
24717
69926
80579
109264
119954
68676
30138
64915
28869
118218
95197
103628
74019
11304
68213
81059
36196
15322
78340
67277
102100
35622
66224
67250
22156
62231
66607
81097
9577
79568
103878
42876
2656
34526
94543
69774
109449
85320
14124
16850
55443
97304
71149
19558
21483
119091
39684
47796
102091
53196
80624
11788
56743
10610
72898
31289
7225
55961
37925
74615
78696
14646
94762
58825
25249
58705
73701
3724
100469
41760
16069
57660
4466
80264
78745
70683
79603
38817
14885
57017
114936
46325
16448
53438
109934
46465
80841
91686
22893
114907
8176
65670
49110
24599
35023
115392
24066
52118
35350
64648
81351
99805
34229
53986
65013
97722
8714
12774
62936
97566
84883
51948
97604
104818
70258
32827
92563
111631
12491
98273
118216
24557
658
737
18134
60958
47544
60192
75400
78065
107825
25400
110540
7992
40868
106321
17983
73785
46683
34641
36803
107582
43911
105191
75663
9428
93193
18181
78225
61845
18757
51998
96284
74864
38910
109060
1778
28198
62821
53132
5134
12358
17028
54523
56294
54818
114244
10067
42311
54719
59350
71143
106284
16697
42792
71146
35608
117322
94290
77256
5647
83156
46315
41812
38186
48000
47232
59926
104241
6794
34338
14259
112148
1146
91902
45563
108311
16749
84273
105545
83980
113018
78287
44921
107036
43605
28735
69625
23359
40279
69836
9349
27331
40811
66181
92029
20283
12993
31005
3381
27836
23960
36739
2894
110947
25518
44355
94856
82058
52751
82792
16180
108136
80932
111298
51667
68190
69364
58815
104732
10139
80653
71211
60176
105096
71417
77519
50303
48246
100312
100694
92859
39256
108825
17264
97295
100005
60274
29153
107139
50407
36343
113653
47949
78193
86329
32288
37730
35705
66608
90293
25659
83968
83121
47879
116852
47919
58017
97205
62186
26931
90975
101943
46159
46743
60752
98604
11359
119
113772
6628
84482
51189
116907
72377
463
109312
18282
97628
18317
57948
9019
63775
84335
4082
109251
115332
6198
30554
91594
23470
72776
28415
18057
41451
24974
13284
37303
119784
39926
84674
87213
29006
97322
114407
19567
87279
21719
110483
79827
44760
31582
101055
8217
4880
50542
103786
45
118611
110502
51867
58957
73893
74785
49194
93731
112218
90663
10286
118087
97025
57019
12456
51241
21683
81482
101352
66592
86352
45547
10861
1627
58459
114129
88481
41321
102014
51257
32354
64017
72275
55717
6417
106354
101882
36655
67641
59983
77268
25685
30906
60841
53092
104078
108306
57007
41028
21473
71597
67509
86872
15531
45537
33543
12528
37073
58214
41477
40489
20328
683
114099
60790
28846
117950
46753
65300
106023
95380
64393
92585
29360
44195
10485
10967
40048
119373
32799
14531
68180
115411
17785
80845
2580
32626
79079
53841
2084
51073
22975
42191
10848
61985
103319
107680
27161
25453
46891
