7545
101907
75926
68682
76366
51425
37013
103925
77244
95104
105628
69001
101929
83287
115640
57576
52071
20885
34116
38748
28094
73656
31794
38057
70104
103730
3879
27761
114360
79437
3400
35431
40560
30886
80022
59729
13587
92427
53312
23527
110669
79326
102826
107628
106014
48522
23674
117064
94475
54396
49895
40174
8559
67317
63302
24745
48
13679
68638
4199
83129
14071
71343
27528
74356
107
38206
93182
117889
25042
59079
52762
18144
90976
99241
14018
42952
32000
32117
114162
946
81005
101004
22885
26780
114487
86822
81192
80975
29759
10769
93722
152
44730
89293
109432
90651
18597
60325
49825
44611
14743
83087
80663
37621
65982
91186
30027
58565
94717
27389
13046
91578
17297
97140
92975
95328
79552
118044
46585
115922
92001
109963
78445
95660
24125
69209
66167
11536
82576
101297
108861
17554
65678
73836
22979
103444
45882
21298
110667
35403
59462
9462
82251
79611
93269
100980
61390
26655
78272
103299
73034
74353
38639
30167
46127
105800
2699
48346
119142
83109
103931
93250
116989
28073
3321
9708
58266
106874
93997
79635
4523
40053
94747
55591
104637
72937
13226
75410
29264
85356
75472
42116
29816
113441
18719
11748
53680
101095
49758
54087
82567
2483
18604
51174
111112
31210
8213
22034
24586
109679
69816
37756
4585
78211
29001
50325
33638
67672
10744
18615
92151
97685
47616
8026
54067
119428
102612
6514
423
91220
20011
97723
113047
106876
63403
79826
33949
110133
27554
87667
11016
65427
43132
78540
17707
14036
40193
77336
45400
15213
66880
80276
94426
74935
53396
3696
59967
36387
97756
26434
523
51859
53697
38552
16289
22826
81117
46037
34643
46398
36001
76417
20241
33394
50355
101382
105969
17911
17174
66824
113803
33301
6887
89643
107668
52260
27369
59237
46192
33842
16089
23316
4793
119653
56974
25090
5626
89183
51628
108123
62737
54345
4110
68782
52297
54442
36394
62454
98179
108708
118395
68571
18219
18619
17827
49907
33582
98463
82448
103100
67162
89153
23163
19140
104114
78966
4227
96615
25483
31141
44897
64205
92229
59340
43487
111530
53905
44167
18396
106052
68240
78671
115691
119782
44501
27347
102234
74202
77185
60213
102945
37993
74254
34472
97513
24832
81439
8938
71904
5696
48902
43376
115781
48331
48968
43072
98364
49563
99945
83412
38622
119427
66618
53957
25839
21763
86963
42128
9676
93810
27751
84815
3982
99417
67718
82035
78783
13319
104742
54692
92053
25205
119367
119729
74911
104235
51792
76949
72597
9466
13412
105212
85054
63784
20707
43101
21171
76614
8637
82883
56155
4441
5815
98868
116530
18733
82427
22115
72882
88866
90788
73561
78927
83449
28153
81488
90619
319
76731
61162
19705
23046
91404
9937
1082
59423
71158
8610
107362
91256
79933
73235
81707
69939
96547
24806
85181
23642
8697
65490
69674
33735
114382
108630
107574
56233
80804
118608
108688
2900
56859
868
68766
87080
116795
7156
50548
112190
86540
13139
23091
30187
109353
7603
38671
32753
99490
80474
92913
65258
59789
23542
66504
50792
81329
29594
70658
106817
115711
117592
115391
27370
105263
82929
28020
57587
108963
23187
15941
33377
111866
86704
21825
7254
73554
571
6684
62418
83692
69826
76714
26995
72704
36811
52402
36754
21742
11593
44551
54548
52491
55764
14732
112884
20994
91826
49454
21598
111686
105459
63816
36496
7322
65536
80119
51071
29833
96020
80948
58418
106109
74608
60726
111660
19051
45803
55850
45218
62044
59538
40455
72429
62383
1702
13085
4497
115987
50497
65462
82670
37516
49978
65292
28539
64112
49336
43848
14165
30280
91183
26184
113214
27525
62718
106889
112647
91051
27798
55791
33957
55750
63789
84031
69511
84186
43450
13797
34906
4365
78149
95427
95595
47820
75182
73450
73612
16884
91079
10486
66518
114315
52664
62529
45309
65797
24289
35841
104974
107433
116452
49120
63602
91433
45035
115422
74584
3533
74337
102356
22431
99150
71371
28318
57781
1859
33316
23514
71506
95304
78040
96043
46676
69647
108844
88475
71332
6488
17107
87238
114841
90018
32435
79565
34984
22822
99475
50599
94043
23056
3260
79824
19531
83726
110329
116405
113752
72761
6726
105276
13781
59192
80846
84588
26886
49504
105189
38856
7092
3246
86744
69455
68293
116873
13790
110398
14471
93259
36592
6569
8307
12530
21968
28827
34151
53441
108760
82177
49127
53235
28063
54031
82435
46807
34483
100490
61452
36757
6057
60627
93645
57126
1614
99943
95219
30211
67933
65371
47130
36220
56636
34562
45858
43490
1141
62313
51007
96932
96759
115183
14827
27923
38881
76018
64098
62378
110252
113160
118258
8653
59968
41873
87489
23493
106536
35837
69288
29930
20252
4722
100545
41148
20149
108386
97150
65763
39251
95884
73753
86297
25038
48493
23322
3629
11903
111543
118963
16479
103568
47431
17650
88827
13062
9232
14260
110510
3214
21032
80631
102132
73936
106990
95468
97212
45877
97401
25345
16457
11881
38239
9742
96052
49430
36256
40899
81299
37768
56972
101356
9503
113352
23303
30585
44533
55592
109250
89782
54349
104824
44557
2984
66927
6497
109157
113870
61451
40394
68687
38415
106084
60646
72380
11480
24668
115885
100459
56188
66380
25735
32405
39431
112049
33080
119988
80423
3308
112238
84930
98052
98471
38471
25733
109489
98814
30965
20219
113781
86851
42353
90275
86397
88196
82288
57537
84623
68795
99231
66655
49909
29806
7137
16052
63415
85941
107157
22219
49437
70231
30340
20610
87241
76872
102581
86669
13317
67352
12573
63628
13468
78081
89022
77086
49880
80616
29358
39647
102756
40181
22985
57322
75414
39540
75836
45669
42926
49067
80476
15111
99962
27250
119234
112645
66395
29510
26533
43651
70703
96690
110840
119975
82274
110158
76434
112298
84715
83949
11937
79749
62652
66309
67574
84748
116480
107528
117720
117491
57333
20415
103346
56275
40475
83858
101791
12584
70090
92757
31855
30851
113462
75026
25784
18558
43404
43343
60268
68161
47153
97680
27707
45888
57001
60005
114354
104833
44958
11269
105815
4307
82595
26079
73892
46689
101635
1194
27634
36652
18014
38326
56093
46407
49756
58449
25602
113043
80151
71156
29980
62788
3969
85835
863
74148
20236
28412
112208
113792
118028
119923
77744
89331
84637
54690
24072
43959
35487
98486
87619
71828
14310
8135
4802
67086
79231
112245
42433
105958
114992
118869
105664
24366
90494
89349
3532
107740
107604
68877
43639
35606
24365
22243
82041
33384
35194
79852
5746
96259
82582
75277
75643
95959
102347
109113
119746
108834
38792
1083
79905
50008
97755
36185
59355
78006
88326
13798
56532
62006
70747
10735
82759
92826
42795
29377
100476
87217
52754
110822
100343
87633
87809
104722
13631
30818
76775
43974
88619
28564
6656
99666
118119
59088
37880
94101
36141
41928
59322
3914
33907
19030
79154
99099
96997
116956
22544
37337
90491
23829
65854
6950
108349
45221
85876
16732
20359
73941
17518
70844
43624
107638
86583
6061
7138
85827
27813
7394
119228
106615
9809
72758
21621
117666
113982
79888
44640
51256
96791
16284
60969
26757
45056
107463
90569
19428
42684
6448
7570
68014
88016
112181
73163
91181
7197
85972
74304
3316
9474
38766
103565
118923
25777
6714
19306
48921
55149
51122
54335
21618
99445
2081
109224
101894
73874
85671
10100
53219
75090
3411
1725
66022
48798
24324
45467
7891
75952
42848
70116
112837
33722
87110
25683
10472
39371
66464
76074
16480
79243
23258
104506
92692
15900
13058
24279
105835
88478
33551
21648
108418
62878
92161
30001
8703
45422
39673
97347
11440
10252
66070
28728
78476
94902
77181
33565
81243
87706
34671
77306
100899
67459
71510
30918
45534
104355
25111
84533
15568
20676
46809
84977
63054
79957
119397
52235
92024
92833
3759
54341
104322
4719
42218
53930
536
104648
6564
85665
22761
96794
70639
35366
89117
115137
9508
48714
89264
2921
116677
62152
113890
6972
95501
24077
4293
51646
92521
92257
67668
51403
71082
23203
45229
108440
3450
58259
77816
88946
47549
85407
39227
19316
60722
74273
48176
114417
109192
32446
112418
24037
118457
97688
15944
109069
76085
20206
69670
62374
92568
33823
68496
81314
96742
93028
31326
96738
75147
27681
50617
9804
107422
112916
94004
88885
34942
105847
100479
25457
74979
46094
40558
10720
21929
26044
4279
43324
6365
65245
33939
4891
67281
117276
85013
113392
65954
107156
107099
107926
58818
26988
53727
49361
37231
99363
16154
64155
65384
15535
13692
4958
38558
66956
76394
28120
104386
47135
54004
15156
26678
92064
21028
57855
29276
74100
8171
116569
95919
108597
110514
40192
76702
3570
85376
18929
41287
14974
67177
21037
48537
108398
96887
16817
45698
118147
56668
94413
111264
13765
59586
41991
68056
97209
78863
40478
17706
7069
87086
4050
2845
72104
40463
15907
9580
65363
54891
59232
58689
100627
1020
34802
81446
105537
108723
34642
15920
63940
61902
83560
111657
59965
5926
41164
15953
10856
34380
96273
35445
66960
23755
61514
17273
73330
8613
89221
804
17502
47338
92209
57544
116983
16556
28269
91634
85001
93376
60549
100305
104584
97329
110591
95252
74682
111387
51730
105061
30709
11086
59031
58445
105603
113832
8017
42440
86899
114146
59508
36994
34367
18428
50697
56220
14138
108914
57750
49533
77055
43466
43622
108098
23
8004
91680
109874
91725
94718
68485
4003
41411
80807
12990
1365
115269
33164
56189
50509
97783
2114
106591
84644
36946
54960
17093
73431
108334
48762
30191
20172
24738
28794
26559
43377
30762
14739
25271
94576
50035
65712
15898
16182
71664
20699
51195
98953
17473
99008
118613
102101
66973
48716
119569
95536
91050
68470
73743
39378
47593
108221
116718
57276
57254
99410
75390
38603
96700
80211
29846
8639
101455
119095
92964
93157
6298
3180
112747
51636
86897
21617
89786
42850
16509
108335
47649
47604
103802
89855
104810
26050
109419
40956
72853
20459
99186
35966
9999
10200
70130
85591
117598
103839
54723
52835
105712
102668
19224
32171
52161
81494
77009
107423
67919
17731
23160
5708
73272
58287
103914
79656
70079
54814
69509
48585
39373
86154
88228
26027
21997
16344
104357
112631
101975
19772
97531
81380
38357
20553
29154
99339
83366
86260
50098
34230
92306
112724
114522
4590
44510
6902
80883
40676
58750
112604
54634
9444
109295
45256
93507
45306
13823
82588
78935
4119
36370
16648
77762
53126
5121
22916
50699
40937
29184
119002
11150
24707
56614
77843
24099
24060
4012
52175
115758
4451
35205
28775
59100
44680
103655
13167
117995
96980
30331
86779
62155
42651
70566
81197
75301
56456
18113
62198
50425
31932
67941
115246
90243
73063
5459
96847
47391
38546
117932
116195
5755
103448
66321
8068
95004
61632
74169
103216
56850
108926
19082
5206
80482
