3060
12405
111450
26959
30679
118959
79677
65261
14464
20435
91787
48430
59011
9703
20712
116604
34082
14342
34793
61275
76066
44993
77679
47303
57154
81053
72257
18927
25605
43989
57045
14913
52286
90028
97561
109193
75895
53987
33196
78105
88108
105704
80007
5023
70673
97663
32165
13834
33062
45054
66776
49329
15438
48114
43261
86131
9910
92059
53234
72724
108298
27740
89771
47458
42135
73365
70102
29354
3088
113912
92190
82863
94654
60552
72238
90759
71436
72421
67314
68876
93632
101519
16072
76982
7879
17597
13297
4613
41608
75309
104983
53404
100535
64868
43300
39973
22480
105921
42878
110037
60600
67411
84702
48850
86609
79597
49373
49415
114233
116414
15949
999
72133
54131
14070
119165
110159
20614
61673
76216
30168
82594
115651
39299
18258
113520
62220
66127
64149
28795
18038
85807
69857
14992
60557
8342
108234
116953
6599
79399
20288
59259
116416
78691
50937
19123
37326
8571
97971
92860
3182
69196
8420
97895
8111
65780
74817
113743
103659
55948
65239
113496
29600
15743
46855
83613
41173
3050
15172
114358
90543
26703
13540
12590
62913
85700
93752
64166
115326
26749
43623
79325
115040
94436
116350
58312
6059
77117
86117
24478
79046
1697
53598
117646
62448
11317
50246
10478
26331
55320
104773
44496
10278
40815
53618
10945
82142
78492
29465
67120
106498
67123
2506
47475
86102
77363
31959
48710
11875
30257
64635
37537
119826
64714
104168
95071
44419
119141
65117
79043
101137
102097
14278
7679
116692
105838
76432
38440
81429
48764
89411
100543
105706
34654
63459
28671
60306
59215
42227
13911
65784
13033
22573
43302
43636
58653
84952
115179
109021
10916
31173
58146
41655
91761
61699
24812
81333
8735
42503
111673
109647
48431
28897
50082
119391
11103
36937
96706
62400
29656
59257
31426
23692
105570
105143
118821
94275
71438
2635
41939
78388
476
97731
108377
108096
54500
25618
51134
18715
10533
100385
119691
43820
52779
28755
39885
10765
83532
47732
51181
52510
69073
81960
112030
67454
71582
15876
67782
93504
86947
14744
1009
95213
60562
118515
11443
96703
69958
102739
61937
85044
97515
49586
108261
16169
38872
65333
59972
4737
64263
113497
45807
92393
88872
41205
31593
36262
107557
174
36861
15851
60126
52905
107319
119155
44985
53354
84892
64145
41465
6586
82860
111180
90901
4478
24297
52017
42610
110383
117155
75467
103950
73921
61876
37150
19917
82892
100787
62140
2911
87430
57490
67441
5998
6375
68448
16533
97573
111815
31875
83236
16322
48062
102517
50519
68023
37674
77375
102307
28331
11453
102665
94192
81587
50336
51568
18295
58841
3158
70491
27972
104888
58163
41378
62059
76228
19073
1776
116279
66360
58300
29825
116625
78212
16162
35402
94706
97415
115615
100763
7282
40289
30067
28316
52468
25850
118327
93884
16196
55050
20796
75802
102160
95721
80185
91175
1736
29076
41937
4261
103294
64562
13933
105118
84972
97423
106410
113707
89772
119385
103937
48557
68271
21641
67266
83116
50467
51096
117540
102039
51045
67515
11060
87404
78538
50884
35177
84795
5605
70657
45976
100482
118008
32041
103689
10583
58586
15087
51951
28565
52528
115101
73927
66799
71159
52922
82770
118936
41591
85766
104956
42160
88233
50428
59730
23369
42392
92779
24019
23790
110103
39703
110007
48835
45388
109204
13074
34040
35464
11235
18244
15495
106952
6381
95859
96858
103017
53669
89180
111411
116934
69785
52674
82500
116813
23301
67940
91739
23295
101824
103474
24245
789
9409
61311
8105
37014
46904
34013
86923
8651
36014
79414
2060
111118
89166
68758
102369
101627
22368
87212
19365
66867
42061
103983
38157
6651
47170
36999
89235
51050
49089
31101
75666
37101
94625
84510
38891
2495
63572
88424
106538
53804
89713
51822
119224
66983
82200
101213
44782
108535
38594
33898
85099
35545
58137
81816
113232
33049
117364
72159
61531
43769
60745
112106
99809
93594
84963
53817
82050
69825
95655
15550
30427
24915
72958
96276
69148
53069
12379
68870
10822
109513
103019
14105
117007
85395
117253
116977
111802
83920
63813
67879
95210
36912
26609
55529
4908
92681
24228
108887
94132
89363
24982
1045
14625
57416
22858
47435
52794
64842
91503
115719
74924
76568
70253
35979
80081
82774
79286
101876
110722
72696
97171
106141
64446
9458
48876
118238
99647
80552
107745
43235
115202
20956
26603
90443
88317
66344
72666
71052
51478
75642
73448
79290
69878
2350
18021
42487
110415
21088
82894
19245
50491
5205
94262
45500
46175
1771
35958
13985
47699
48878
114139
51985
81154
35666
66866
23965
26608
113735
77967
118784
43415
99606
21176
28645
49526
41224
25091
20881
94195
5879
104377
30206
10947
90085
74215
95756
97121
45544
84203
51374
76630
31452
89026
59496
68913
47134
33795
41448
79139
52007
82877
31167
74086
42859
109339
44502
73646
54493
106001
94242
72584
4041
109265
24211
53241
26529
105845
94233
2672
92848
5249
37518
66080
19416
80723
60973
111578
111206
20652
58185
52222
50476
32454
58566
21429
80691
5472
21897
115963
75409
118432
57320
8120
79688
95108
8696
76500
56455
73737
18397
66078
88163
69590
67503
74290
46944
61587
89426
30220
100310
15982
93405
55355
113248
105900
73224
1994
115925
88782
52642
115599
76419
7350
50621
9824
23808
77745
66047
16005
87622
87826
48073
62876
5202
26012
2352
97678
34761
1441
79227
118221
64307
107056
108043
105044
26195
75290
48509
82022
84459
35323
108207
24998
99354
19662
56704
73609
58743
4616
35393
87794
45245
44290
114035
38884
16596
84489
24090
27476
43711
90772
49578
75822
9330
46104
11784
55901
86289
1833
104138
44065
82193
91131
15124
43723
75031
111344
63962
19392
36564
112989
94398
88787
14908
16767
19371
23785
40686
67347
67861
107843
59060
65318
40283
81768
18346
67867
111908
66241
117160
39018
71308
11590
40609
31838
100069
56903
30449
116639
46594
109223
56281
80763
113617
13586
16834
77842
48300
116886
47387
18471
82329
78061
104304
19949
52753
33025
12118
22177
33330
5026
87616
81803
30075
63037
102844
