64021
44143
8752
47276
102472
115960
12231
76684
56699
4776
21476
101181
112207
67696
105197
7956
20560
62977
30571
11090
58534
103964
92191
74191
73526
73468
57820
119233
4720
6401
82300
110384
56911
66449
81920
9370
103393
56901
102296
78351
117837
104988
59184
21826
86180
113858
89882
46111
44624
57870
57814
115916
23728
103665
88694
109059
68149
110904
28432
107092
36054
92548
75614
87081
47988
76533
67227
72791
79230
95623
60288
94911
2714
85826
63633
43785
77709
10258
88489
88553
14748
23805
88152
83171
104419
61553
31800
52247
108143
61431
44823
58692
9053
33395
36868
22399
41370
3609
43773
10167
22939
1594
110698
1104
85996
40359
105595
80706
97673
74800
41147
20731
64967
95677
63020
115165
10372
96580
39441
75764
92653
43381
33478
81737
48726
106065
85606
32212
103309
23682
12735
105085
90264
101805
56644
60685
101998
84969
39878
100480
53289
22909
38443
102531
59925
85111
22910
20898
50767
112138
10254
69140
37084
40831
1939
106024
110925
38830
110027
29328
81078
99654
33302
118544
9751
52602
88262
117518
7929
64587
116382
116691
23834
52538
23589
37076
98251
29640
3664
49363
102900
110879
42478
93614
77153
39333
69565
112519
38754
69639
42656
115950
15630
26103
58453
28844
119100
14700
109185
38314
79761
39205
83897
39626
29301
111506
4460
46812
28030
91706
40459
26315
102635
104434
50941
50829
56637
44005
69230
85430
98135
93474
37803
263
113531
103157
59308
76834
3305
60083
95620
2910
50890
84801
107208
6962
55113
51625
112589
2710
94651
76401
59287
77753
73774
7124
19148
86861
100760
15363
119828
47908
44088
14414
37913
23384
39879
7568
91476
90331
106158
57253
40449
67216
2392
61822
42744
85191
107115
100597
22937
32214
117918
37980
29595
101195
65092
112770
39294
104306
67516
83568
60626
71419
95055
9373
73001
19253
88739
112183
33493
105155
77351
115688
73995
20709
117389
61346
84263
41631
41560
49647
8954
99362
81882
12496
90769
70953
61691
81845
2853
72591
50945
62799
7951
98956
17011
1063
24639
81544
88543
45694
101530
87517
58041
13537
114482
94807
79085
66328
12001
89900
75416
101953
50204
14814
43922
94791
74676
74072
26987
59187
100857
93320
32660
84971
34026
37376
94361
23181
15057
92121
75349
105669
77219
50231
32061
37264
86653
33606
47991
67891
32962
73915
27289
65654
93846
90933
92776
66031
89698
9285
22724
23182
103849
66811
42619
70296
96495
102856
70274
107652
108268
38855
85345
109543
16421
74975
23213
98538
5274
88521
33540
19349
64668
71190
113833
98950
105415
65660
76370
6226
47690
34833
31901
74383
80778
42358
86177
99236
66919
36212
10537
28002
70578
80026
1609
29611
37060
19272
45974
64945
13314
6429
74139
54893
99315
3925
19348
70905
36588
49139
38573
93318
104308
34383
36450
13857
71985
53355
60460
25233
20322
54066
73222
71764
44959
16522
61054
109758
57047
25192
77501
52489
103747
67683
100269
109572
119667
60142
90956
56341
55195
66748
80728
72296
36426
37268
2615
83488
17959
87414
2687
90708
53414
25715
114847
72267
27428
67864
13451
43050
115847
108785
52749
42851
106165
1112
70977
91090
90323
48056
109137
94567
111403
56758
81315
85060
46136
21651
17124
100108
45002
83551
54339
13760
53638
94340
21760
108866
38505
28904
3231
109159
103458
60036
84239
112532
25573
60775
56741
58973
49903
73415
50591
97811
86930
36818
39903
45160
97433
57066
76704
68987
49473
81297
119749
81712
67774
23962
48614
85377
12754
7344
12158
43806
25197
103764
60498
85408
39439
4302
30656
21941
10334
85101
108544
98162
112407
76989
48565
51887
105522
91598
6213
93995
15660
102301
40095
23237
86204
70475
94381
70699
95463
60407
96406
115938
105737
107775
27477
48512
110726
57116
33607
10457
110708
36615
109924
58251
17708
92555
82451
11362
88034
2663
66474
114094
46991
100867
59920
81989
18023
6661
14617
106658
1423
79473
40403
5771
86506
79190
91730
106143
1252
88505
73377
83212
23327
88546
91896
36663
74899
28437
66712
109071
64735
116028
47315
31
87903
43977
18136
18039
83426
62345
104050
39797
81102
95676
29783
32871
62126
70949
41449
75352
38694
79298
12061
6766
34781
84473
107019
62681
23335
64391
4206
70651
71561
25972
49725
7861
56288
98365
3685
23887
1466
89157
27921
556
49408
5986
50728
2039
112345
94184
115827
74831
101924
56182
116393
21728
67271
59654
13207
5952
30756
81957
109284
60029
30087
110763
77620
91059
4536
88358
74173
17335
67027
98222
10983
16484
50017
6736
44839
99979
63488
53514
45828
67657
78585
47127
24212
64347
58489
113198
88266
2791
72022
94348
97824
83158
17296
108700
26252
24119
30165
28923
72545
88708
84067
49288
56808
92773
105992
90649
104503
108619
100205
65381
83086
67923
19986
47615
38489
101631
43682
81614
16090
67269
35746
86649
72956
9297
222
44042
84698
62949
98728
25184
11310
55925
87072
47053
24164
26004
100492
39768
63101
62996
80792
115076
79647
94515
59219
15439
93649
103475
42877
30755
22696
62213
85740
6141
54470
90095
91665
26447
11120
19197
117532
30769
13673
96113
10387
92827
64420
73057
80729
102674
69432
12199
89136
48816
22436
35619
119143
99751
111467
10905
69174
86972
96093
32522
65005
783
101467
88776
24447
100967
37713
49728
105256
57556
7449
80675
3958
69159
68736
118380
9801
65107
77589
34407
112016
86488
51576
32468
61319
13335
4871
2821
78708
1024
71905
93093
3632
17091
13260
97073
77437
86127
63591
27548
62560
9841
70713
105837
90445
110456
33385
107302
27034
13342
37808
97393
49635
5069
28023
79699
104275
86411
114872
66857
61782
42518
56625
116820
29068
178
11143
108279
38185
115329
9893
103018
15957
79856
6168
71572
66062
66244
5673
98673
60436
62216
99420
107188
81903
48863
84233
42646
3617
52340
44353
70298
63526
42337
4010
42902
40704
119904
101375
45446
19342
58204
9468
104577
73880
112558
20879
8776
102821
103852
72861
74989
109245
6717
111525
117596
74420
37124
32382
58523
65903
92093
60622
81308
8279
119035
115818
94853
17666
119460
73729
43954
119238
62939
90328
75756
19863
81274
54232
41242
18583
24637
63323
53405
49335
23437
89437
52117
46254
40373
60065
46392
77422
33163
82737
1224
115041
26569
25661
113942
22233
55936
107198
17856
35339
76493
31782
24589
105868
111519
13544
44838
57205
2209
118399
6486
76962
19689
49733
95297
18718
82461
57837
68890
39201
87226
63834
1832
108576
83118
72701
90757
94945
116267
97086
117968
107691
103373
103033
65879
106988
31475
17688
11483
42754
48678
99246
117054
112124
18661
63038
34041
66152
93625
17810
40554
10405
74944
117973
67279
49298
116879
80017
43751
108857
39904
86051
39911
105645
83062
68817
97794
58321
59850
23935
26903
34865
103717
6396
96099
36584
78261
33327
57572
97772
80803
70269
4498
4953
113862
62574
115856
84011
100828
63238
7527
7794
10658
7411
23154
92174
54104
113396
58241
59731
119869
90705
105153
113355
44814
61090
36808
86829
84099
95618
13910
86263
81832
114289
70292
76582
11280
112803
104014
66573
54550
113209
4340
315
28801
76206
63115
79899
75077
116186
78906
85198
40669
28064
103704
6555
75398
84595
44810
55107
55112
79986
61761
9215
68086
80400
83442
39820
68803
66810
80762
110507
15460
110217
100729
45762
32073
22455
47463
17159
100456
11306
91675
51949
68280
27430
108249
44105
10274
