80041
105598
39159
20990
76265
109958
55984
51919
37759
1977
79045
48834
39752
110049
23177
54844
17967
115649
20611
99058
119144
101655
37508
95409
112618
60616
69098
63996
44132
3936
36635
48666
119107
79267
82322
6426
82358
35227
26526
4560
109956
49172
11995
39495
53112
117933
40331
117195
32372
89311
61473
104901
6125
32488
63026
74834
27599
6034
94448
16481
1864
108415
112807
33644
48196
22547
64329
98762
56862
22625
68800
34120
27446
69107
119463
41427
85364
38542
72293
20557
16430
89129
54145
100564
11704
70604
56660
106822
95151
101256
62153
99048
56804
85535
24064
90111
55184
109451
6809
94480
40802
27698
108561
107458
29297
5849
44193
94003
60794
106626
102644
38287
82485
117023
54438
37193
59020
68854
6627
23769
18311
90650
40389
13195
27908
75308
7599
93531
2022
30243
43462
69632
29670
6310
77546
80819
104524
54646
18168
26449
114797
3334
33906
45967
73868
51210
112032
61412
116158
60669
75313
4602
32782
64299
10362
84806
97818
29341
105753
35342
96014
29461
55804
27112
50564
65933
49537
65308
64273
18598
94459
19754
6986
47218
93047
119740
12627
62575
72058
52777
64102
45934
50902
110923
19988
35467
70920
29387
1137
11132
98605
69169
42401
48461
93232
93987
5722
33342
1171
62019
107892
6470
65597
56931
61595
109290
77495
9529
106327
74763
15879
96109
25923
38739
41525
38065
35733
34029
79469
35311
36430
56803
98942
90466
101124
21216
16548
50093
16926
104270
107549
18074
60896
70958
102979
95749
46166
79279
90483
4588
78973
118932
95387
38075
18721
98654
114517
22091
78770
53361
115564
103630
28461
110401
95351
71079
90362
13898
63313
38661
37546
12628
10502
65807
48372
32654
96781
53700
57003
94665
110003
43192
73064
7906
106979
49484
45520
2692
58913
107159
27635
48827
109914
25347
7361
70517
76084
52493
17060
30737
115225
78074
10946
43704
16266
69395
83961
63575
34035
84517
61282
112643
14723
48703
86655
48279
43858
97164
30319
6930
84653
51213
6566
68314
55710
13567
74774
8473
55311
62286
51000
89017
24870
102153
92193
59000
10060
75089
35718
79456
15865
40215
83835
91526
89835
45957
18879
57364
61408
99974
53692
6380
40391
13360
18200
21716
376
17885
97601
118759
20139
109665
20493
17727
75010
69850
102308
98932
85000
3464
27011
57934
36989
66233
48597
17804
76607
95375
17588
1273
67854
97395
100381
51426
13767
68545
23332
118378
24621
99102
25103
66460
55374
3564
113079
70227
25565
41404
53416
17743
41219
13348
96562
79700
52462
333
12020
72986
28862
69961
13867
98747
75254
115676
13959
80312
53769
46221
76907
75954
36760
107650
3978
111123
15348
11650
11657
66556
109562
102721
119436
7783
103280
108937
41432
25200
21632
323
20182
53062
45398
72194
10271
83038
95769
20826
104181
68775
40845
72549
80508
9092
87192
39962
74187
67428
109429
68597
39781
69889
87462
30830
6587
98840
3637
794
74727
81112
55293
36840
73018
55461
29642
82715
44490
47307
59452
13649
3268
107601
119557
114329
46032
58522
52613
32803
64970
18872
32191
59281
15201
2546
82458
22376
38673
68129
79470
66553
98380
93570
24828
72350
77660
65604
81636
12992
99585
43351
114945
56421
4797
60375
21892
44686
57365
20781
82492
42772
61667
14294
22006
36964
105145
69967
40337
16164
103911
59894
18293
34265
31338
105244
106628
44394
69528
109538
63370
59554
83216
74717
3108
72415
31550
64325
109926
113409
36586
110729
71549
62130
59723
87057
100158
90181
34227
14806
97786
96594
93253
35424
67809
119070
58265
28706
108747
8504
81325
62562
34054
25053
46018
41276
61594
94044
95943
75753
61652
35826
76844
85864
59742
25134
28680
94746
60134
109166
68794
87705
55482
65147
35037
7714
101412
42837
42652
68858
62556
66614
112090
70551
50557
15737
8368
113838
37622
16712
20883
89445
103220
91299
70392
23101
98739
83057
119665
54725
7775
102692
108905
42910
64157
67699
95746
14038
16753
49598
27951
45280
102434
49252
17274
115905
88109
89720
5996
96026
66465
110210
66367
112374
49861
42883
26154
44439
23924
109400
119586
2322
29978
8099
40189
111114
80925
25866
85795
100117
96407
88309
31597
89970
33386
60804
82337
88869
54807
100886
39717
22779
79766
97951
56710
70441
63044
85481
53282
6075
86809
115338
110517
59402
44749
44230
77416
74144
52411
76042
84888
36978
71368
25612
48882
56316
69060
550
56126
55630
47613
86345
33197
15388
65910
13484
108035
81595
110607
114015
93302
39046
90887
98782
14671
40585
116957
22667
90422
92250
104255
26519
38159
60789
68326
44613
73871
61762
2654
57139
74543
35097
56371
24702
13379
49623
4718
85882
17969
33135
62036
66782
1817
36529
60985
47148
25916
56745
87050
36917
72616
96827
22154
44674
66400
23717
102572
23001
71868
17625
83781
104610
87302
14775
20121
36549
45436
34044
11573
13752
92096
116487
42838
104543
75574
56838
86925
93311
40254
22954
25973
6779
14839
77362
113986
111428
83179
119843
60981
12484
65838
93457
51125
25243
109853
117563
42088
65370
115787
107288
12876
109902
40706
64382
63250
61370
110352
116513
76123
19759
37371
118408
16583
21884
82679
7791
79452
107149
38523
20138
28072
63796
7958
90858
26890
10054
18164
4109
98134
116356
5156
17605
7035
59155
787
34060
61970
114682
101589
71799
9872
99024
2151
85739
25974
115401
77672
77898
9471
83905
57179
113665
13408
66146
7518
89494
92817
34686
113913
89927
47823
13386
113693
95514
29714
104934
12356
4989
63551
29105
55676
74991
39639
47023
42841
8048
66476
119594
100159
53777
6836
39130
71070
111456
61144
45593
12438
119493
114232
98492
85612
29014
85039
85242
14151
24727
37262
77508
107342
104001
91484
73924
15884
71686
67169
19076
3628
25900
109948
70490
12516
98041
93230
26933
73600
79059
63865
116861
85520
54308
109732
81822
74858
74527
58617
13646
64133
31214
54253
24259
47094
80726
93601
1980
51799
25691
20064
111724
594
81257
88509
84271
8769
48838
70071
103353
72764
108599
83154
17940
10655
52154
44637
113737
385
96376
35907
60419
37017
85300
70101
41916
19325
87929
99584
62904
29882
72026
9492
116754
63441
43916
119599
43430
47034
105435
55414
52755
47902
74493
65816
104433
117703
63555
51282
52076
16673
102223
60924
85875
113535
9828
47926
59901
25153
116458
63497
103800
51886
102767
74795
16638
35997
81552
79639
16808
31956
59348
83584
64471
10089
101726
58869
14014
12860
62166
12076
10886
110052
80115
38989
42059
10876
92246
77568
8737
16797
33367
118497
26373
60360
60043
15011
82775
51878
77982
68096
10800
97471
87201
90709
60742
73738
84945
65344
45159
9855
22907
19311
31494
4808
43897
48200
44018
27246
102716
108357
39803
44328
92457
15152
112406
96279
89660
79376
97737
116315
44499
2187
28387
97145
105748
105201
77516
46697
119531
82210
39648
50305
61839
29027
267
113591
7391
101340
62390
6183
118736
1368
108144
30666
60661
2326
38536
109738
108426
110175
650
505
34242
13285
70846
110416
112028
76072
96839
105479
112359
18716
111665
118463
63571
86728
117174
79191
89290
64284
26223
76031
109653
38085
84441
29134
14164
49656
29223
56494
115765
110654
6091
115866
66048
71647
11714
58304
18234
100104
38929
12141
4475
40921
63179
32362
38268
89369
8809
57745
105673
49366
7234
48939
43913
70347
92931
87935
39077
108802
33472
37728
68015
