20859
10544
77655
46971
51399
77248
59275
115931
54839
80283
64406
77752
69534
50287
90297
66791
112022
8950
16331
56028
4517
34883
104450
12375
58011
29934
86855
118949
102417
34317
93877
4865
67033
39573
79350
72953
101616
88347
14192
45971
113991
103476
49513
8670
106567
68589
99936
80167
62376
74101
2872
54136
41522
48326
4664
43477
25152
72205
40746
47703
102087
12403
11403
79975
74071
28054
82592
113474
61356
77737
87036
52152
13783
99083
45480
112629
100348
6151
51857
18999
27218
5047
116593
91539
28981
31974
76240
75163
6778
39019
118200
16027
116254
5193
6966
27692
45260
107744
68742
28164
29483
17045
25997
104227
28937
76178
82489
27444
103738
82134
17929
12271
55898
115542
94622
116954
62120
43759
96125
1450
3301
33235
101569
50360
7338
8544
15301
18553
14539
37426
67067
19037
27913
74847
22921
113349
26877
68579
71077
83643
68085
98155
68456
40636
94868
76841
27546
19207
108691
52014
108104
80183
18664
48353
70386
11901
74731
44025
71428
16367
100066
36699
29835
100233
10781
84284
119786
114964
118971
64710
101112
61584
106252
29739
44060
103339
74257
29917
24003
115535
80920
109066
16055
10210
112053
1755
84278
90953
2441
98220
87409
41050
52440
117829
57498
55205
11548
100209
46100
19963
11377
68591
64598
10299
71402
115714
88631
75436
36875
112661
75978
2657
82241
14202
13974
47631
114022
101478
111031
50142
37948
57134
105569
49365
115138
76756
43570
89306
17442
71934
96959
81808
51143
10239
72079
112779
339
40738
6455
88773
80662
11142
20398
62079
1963
83177
77518
81910
76424
54005
66115
10728
105516
66992
67019
22171
109338
73248
2115
33273
44041
87522
111710
20180
20977
50408
60367
92373
100411
32666
64073
18053
48574
49444
78550
76713
94739
73207
83987
44242
79261
17516
102466
14135
13618
30456
74947
3477
15594
63008
113936
41458
37649
107367
116637
99415
65943
29530
4465
80050
13376
105221
65430
79885
63296
10006
35456
81995
17583
71274
85737
76100
101604
43714
17247
52573
107816
82298
98143
101836
59820
87838
59381
82546
28656
87815
47579
65966
80294
29247
76367
56447
37230
72023
118466
69684
51705
32523
118377
71884
110862
48319
97138
71562
101384
64115
84614
30022
8994
23273
73549
19393
22697
70257
89439
100635
92227
20517
37700
48361
3497
11930
9343
72955
104977
14758
81674
91901
40333
106758
5660
694
47768
15097
18245
108170
43584
108410
63884
10598
36763
88093
94251
41557
73508
84101
9243
56782
89877
60807
99282
441
108257
70399
117326
25742
47032
15856
18893
68044
3233
79768
28017
99119
49887
21495
105469
45410
104993
89703
45052
111153
5955
95973
89525
114050
67094
45916
119793
32717
53602
100802
109178
48485
104446
96527
39610
77727
13624
14601
54688
102139
48844
41425
59282
60650
107916
102195
107848
78451
56953
4030
100336
81198
7572
35226
38627
4535
75188
10710
83208
29041
77341
81934
109930
34775
20228
112836
81965
75260
39027
38319
45678
68443
40702
104953
87398
59026
103124
61727
72234
55464
89950
42106
28000
91997
21115
1435
10860
103496
86718
29026
15542
46170
89736
52816
3505
102201
52492
102066
75359
30809
27282
80864
74861
90099
93210
115182
44937
7232
111972
82964
23102
77015
5398
103499
4223
11035
70925
43427
47027
84456
43561
44854
68327
30071
73689
49339
30570
34703
15804
2153
41692
93812
30198
5469
20009
66747
104359
29895
23595
96650
55694
62443
94838
82184
43982
11958
111167
9517
55749
70361
43905
78036
26497
107769
55084
39666
34308
63311
52873
112265
17543
81994
55434
17218
45105
80255
98266
55075
2693
86584
22727
9894
116797
13713
76593
31446
63742
86478
87707
13029
91387
553
38404
47617
7407
119157
113385
50146
113534
59889
42092
45794
41031
28496
80252
111466
32847
118844
115025
52139
13026
91567
103425
108059
14400
112294
70927
104929
50517
56175
18946
11764
100461
31394
110297
20685
11800
6112
41444
46245
16867
16130
70417
54363
69965
119663
48916
61869
56958
116687
57612
116428
24777
7158
13471
21806
30660
105282
26214
91003
29777
39867
114357
115288
100743
90474
12320
92729
9619
1808
60232
96424
79175
96461
106741
86885
58248
38204
78403
92591
14794
56691
33290
104035
67690
21455
4499
99542
47839
91034
40869
34172
6908
61578
87120
71364
102571
70476
115929
104550
9696
74508
11147
70378
89549
83824
93542
29367
113437
37418
31912
95195
51957
47791
102670
256
94523
55979
13512
21485
53741
114291
59529
8728
15474
67857
105031
119876
8622
2465
37600
54973
48788
49763
64926
26307
48022
73465
71789
38411
49486
26560
93578
113251
42043
18155
78140
67226
84534
46299
68727
68661
37771
113539
65386
4893
39247
16330
8255
71250
112967
76623
49178
76572
61394
17197
73203
52045
6876
84805
75803
15639
72278
100378
18040
98539
68686
27961
33518
22323
14985
113442
16635
92311
72587
52985
79685
93170
13480
21778
105068
91522
110847
91044
20046
45269
110331
87304
106844
6247
15857
104246
2564
52894
56626
82135
43259
50993
102357
23176
49147
59948
66940
27701
95001
50020
46123
111862
60819
96108
25436
72607
62143
99677
1295
50916
86831
35337
28181
88548
69327
304
21327
109596
19539
73940
72514
6239
100232
64702
82368
64015
17331
117683
76357
69096
66144
39992
4163
5172
37657
30076
8810
113776
37822
90647
111213
79044
29234
31035
95303
111090
8240
70798
50606
59599
16623
62587
10814
107718
95675
6701
25836
109305
26702
95216
31791
40409
108109
53055
52325
9097
59186
3613
76736
36534
76507
21288
28403
26343
86802
21526
90340
101209
92690
68889
46503
55318
110521
46770
61933
6674
39248
97670
1100
6697
100977
21031
99356
90101
50713
8209
57888
42941
73252
119722
92498
110099
91435
24360
45063
53742
101652
90948
75725
105661
26372
34046
64583
56115
12730
26310
77014
58591
62459
75072
58669
8433
106398
7019
101346
117953
59561
112268
114127
6390
44124
45164
82664
84800
2974
104843
58984
43932
21301
57946
4328
30197
74209
1262
40826
24307
98209
118047
31565
23349
4077
83501
63720
54069
103973
29085
113412
16270
49483
30185
102197
59661
44045
97774
31497
94940
42489
80189
98652
37806
109866
10293
39481
51273
39168
20582
38704
29345
111633
55577
85141
38311
84746
38914
76943
7192
119855
104324
33016
99408
18525
64264
22035
22720
15886
64726
5890
6849
6035
35320
24616
83877
39928
88166
3329
90911
29935
62572
81744
59602
7768
108004
16411
101835
44685
118469
49159
96261
37065
117993
11156
93697
2783
91290
8629
74537
