48990
61641
87669
93938
107810
39450
31732
38613
1129
33146
107914
6826
119555
114629
82417
50444
54515
84322
41298
23464
118879
112434
79808
12219
43983
79021
77079
77561
7520
44194
82772
95374
84628
95239
28751
107725
74518
31670
80869
30213
13677
76186
115969
12743
97967
4235
29613
112824
10833
79455
18957
110460
63585
55725
29128
5506
70858
17889
73705
107729
18565
86422
33466
37567
70704
80415
83811
110949
95661
51030
71075
93455
47548
93790
40109
14435
98707
27827
101642
15247
15534
23689
55197
37892
95031
55410
62058
106732
5945
72676
108470
97610
54770
85648
82814
113312
22599
22424
107657
4496
104192
46473
10543
5157
113126
14207
83232
105814
40164
5136
106320
55946
23636
25899
89012
19247
4833
34271
12822
91835
99317
110796
5609
49569
2310
65032
37350
97038
97136
109762
37224
83331
44238
35889
103065
26242
17177
69709
89886
47848
8661
76963
72699
76103
54017
75034
24723
17760
87376
74738
35184
63391
14101
19084
37748
110377
78780
29961
19081
60417
21901
44350
32645
23137
110557
47334
40138
44742
1409
77328
119042
70782
62593
34243
11193
117122
104412
33512
81350
38902
74292
110739
102464
65619
67645
44399
88897
78517
28048
61812
101445
62937
42695
82394
21096
87268
95674
2745
78564
77254
113368
106812
77865
48911
33561
50091
113599
15238
118746
16307
2755
119649
100572
48257
30717
76771
49416
80266
109358
50412
41471
97792
20337
76763
103433
21978
102817
72977
37104
56787
53035
3192
20330
57417
28177
7308
67888
59465
11992
49821
103542
55833
96077
7559
91360
78118
106940
18569
26646
568
85311
43789
68911
28876
84231
21865
38342
103901
69352
18130
57707
84557
49850
55819
88570
118679
72512
38350
40894
117898
60764
117694
66114
106885
72154
87666
12975
84366
1789
94169
46709
97862
81481
21307
101553
86423
42583
95632
86164
28304
20293
97364
4118
28306
49333
79446
9031
98320
65172
56810
73645
21235
117329
89946
104372
73245
6053
31513
79919
10094
104234
64566
68648
60730
37431
50510
47311
85798
44901
77024
47983
41214
31777
68039
9744
91918
96608
72383
47779
20797
108750
82216
90309
4318
93419
271
117445
80581
50501
35894
55020
55252
10713
48947
18325
31997
20957
75679
64569
81511
60244
14095
717
97039
77974
68581
25287
78832
29821
108816
33745
118951
57874
55465
49786
75579
22339
1681
36355
11492
102053
103430
78201
42132
114878
70989
117297
91848
11186
85896
60311
48271
90617
64734
18203
84629
118289
97163
1250
11562
42718
98367
109601
72714
58086
81690
58415
45258
64248
71949
88707
104677
32026
50032
39016
42154
7500
92604
100715
14716
57157
110062
14381
36233
32723
98794
92213
84804
23947
41200
64144
39944
19323
52285
58218
6027
44587
78869
61956
88362
25351
97501
60615
16485
45186
69521
24379
95043
72165
45842
27018
7320
119899
99791
94054
81058
31841
72355
100910
78165
54399
40972
118269
57591
58799
29230
41561
58308
87835
75292
55748
99385
35250
68025
10569
23723
117798
8084
7718
100214
89622
76113
28292
77934
41355
11472
67407
83046
1412
331
25884
39971
112728
68893
101264
25996
52692
54114
43843
95530
63948
84409
97743
94481
59765
112261
41945
7924
72698
49307
56605
110570
64099
103272
108699
81140
8733
101048
46220
25523
56460
101016
1177
79943
24846
106135
104540
34994
116950
58132
17987
95834
40792
31836
106838
77972
88158
69921
27297
69173
20413
12475
111594
52759
91679
41476
61490
98404
81268
53609
76225
113144
23043
76144
4728
39858
21440
42637
84266
87194
51934
31440
30616
15996
51763
99351
101851
91684
108992
28841
54170
69627
43678
43191
98717
109033
54068
58404
12284
68160
107803
42989
59124
68886
32622
35626
67770
81619
18215
45754
48972
50278
7049
35689
64797
6595
449
89032
67885
93404
5046
85384
19205
92114
51317
94106
72900
73492
98537
18143
95077
58793
44669
26337
53979
103547
16915
22706
97552
107954
99771
54609
63481
25662
89650
65635
56291
106555
98535
80473
66862
65812
57446
2882
17879
46810
18776
6051
58862
18791
118717
40032
59963
33455
63399
96346
15179
23220
82315
39195
98582
34644
21497
63410
45985
23710
53622
31661
72705
7227
9830
40099
55131
97074
54297
24226
66549
82587
118402
24058
76413
71206
92017
45872
106125
1056
13778
32484
2291
10004
32790
66630
41954
104156
39145
75419
35548
89340
16389
106973
102528
52813
22864
113263
64123
5631
92645
106151
108911
74730
33601
45004
37777
23592
82904
111488
21203
44464
86590
42377
42981
96061
39969
12250
7456
119939
13044
40114
26896
101000
16008
55377
8745
107263
61917
19849
8677
48516
77322
16178
110098
116570
102384
79299
55309
60629
80952
23022
69554
104224
115569
112145
59276
53403
67591
102493
67860
92238
80713
73632
21004
102785
21610
40825
111222
92338
1316
27957
11054
47254
56990
24345
61541
71426
94573
45354
101529
88756
68429
3213
115657
80635
105618
113265
67798
77323
64713
14921
43857
28762
76038
3240
96958
20986
105563
110676
53626
91326
71112
96645
110339
35234
76505
73584
65411
108200
59504
112475
38690
116098
109199
77035
105557
51010
115057
66391
117946
83630
23587
116169
15669
5643
69699
77888
42038
80685
61827
76802
61957
59012
15209
17081
71311
1348
39968
7351
63091
89203
95189
8561
18499
21425
112248
45977
84835
113894
107594
57580
91281
88090
55329
81837
114711
66577
81890
67366
118057
26807
92243
73521
100565
30573
7640
80505
40149
36977
107119
621
58474
55922
7963
60256
27427
116179
56313
103262
68947
108709
94339
32846
25482
69489
42562
37137
101563
115106
62393
90383
24421
116411
24143
103979
108262
62648
53129
27966
972
51262
103368
32501
92838
38717
79256
41730
10730
66723
24614
56452
75567
48278
35977
117602
58005
76404
24877
30038
105309
21819
82484
21430
95451
40429
79476
103740
26135
9800
105434
110690
31949
116740
50307
100021
31690
103676
115060
72230
10864
91755
91261
6903
42666
66957
82171
14770
79804
82717
32609
97721
66971
28374
74710
10367
4296
68787
99615
38492
44684
20127
115563
22598
43028
119891
76451
66404
108166
44012
78159
100453
59056
17795
68230
111290
71833
31993
65313
7507
42679
77802
75678
27145
46844
63288
38283
68647
64240
69685
107501
11236
103449
47413
12000
84196
26419
74969
110817
492
37535
68298
70684
18432
89984
111148
22802
24941
21285
113168
74640
37572
39592
11069
119875
11909
63354
116112
7300
7295
60671
103546
8192
50258
104647
102939
70889
11840
55708
67584
77044
110461
40887
98713
22653
87390
18739
14287
91637
100872
42086
83318
109067
8117
8857
86952
96479
91825
25169
71499
103026
79753
109548
73691
48487
87987
57991
2512
17921
57174
91052
44467
53923
30269
24158
1662
10049
92611
82663
59753
115386
16669
110171
13435
66498
35369
20565
45788
73797
57994
116938
92082
86887
72369
23261
37212
67990
92972
55965
93412
1757
21914
107765
82009
62893
74575
15170
55942
11357
80884
31649
50776
65962
54847
118322
55165
98682
115390
5627
76395
32866
114776
79026
96810
107091
12288
11300
102606
91069
117599
31417
19086
67511
87069
81955
118441
47927
60463
76450
30724
105514
23842
4
29813
52823
71885
96805
79518
62272
20225
30260
93807
49456
31415
119303
95791
25324
76209
20162
57846
105614
30478
1944
69135
63172
118019
103682
65827
117436
95096
48325
32945
33403
101334
3568
33296
99586
66561
52617
100032
108997
14212
37763
14980
115034
101897
109023
113109
49481
67579
65964
54664
6808
65159
16406
44568
60405
105353
12786
49727
66510
103376
91574
60729
85903
106138
98924
34337
54584
10192
45889
80220
83681
68927
15355
88216
43068
23433
25991
82168
110901
59628
100696
13488
23098
16700
20312
26501
47977
74977
95087
102154
119914
46818
69833
110130
43312
108908
114074
50772
91215
77610
34622
92944
82414
13706
97693
4930
7744
112850
54098
19858
77584
114788
86719
47184
92021
27132
35076
91630
115214
117937
99191
109180
35200
69342
75730
54786
102699
20544
84711
69436
104715
35081
117245
110824
68220
108375
112538
17831
34501
81490
75548
76605
45793
89146
35216
35693
118917
110846
119600
119394
49969
45075
4310
103514
88471
2226
109471
107992
95735
79850
45887
109356
97780
23838
81048
79569
100928
38932
106837
8465
76600
17531
114328
44652
119048
56448
69213
109359
13557
100646
96085
75693
70408
24284
64439
5964
56820
33940
42237
88361
93615
51063
67256
98596
109386
51290
13666
23833
48179
93954
78727
96618
59879
23561
89791
103620
51202
41762
1130
36113
24626
36352
12523
88291
88377
58549
32547
92841
111677
79765
22587
42356
111948
51748
116994
97081
119523
58056
107283
97742
8443
8088
58578
68907
110378
67952
22181
43607
112753
13389
88410
81878
60809
59351
63509
70216
6546
24963
54571
1981
25294
40133
117074
11117
100955
15378
98145
114296
81630
80396
105416
84260
17474
78066
78175
88451
5679
82502
49399
67701
9625
16066
35460
49227
706
102800
49803
101344
18736
23092
103955
50520
29145
79738
70194
85459
86465
93479
3387
13983
53754
9075
43193
35568
43957
57184
22951
44664
14174
10827
87511
30669
61558
59673
100441
9878
35834
3813
113199
45832
85254
47969
22953
93268
24655
111135
11394
35044
9950
15812
58641
102587
109817
14024
42535
36080
16185
70675
15648
92371
81651
39413
30705
22068
69156
84691
55289
29769
21587
28901
100753
36888
10180
7073
28636
113740
24285
114604
104115
34484
77225
2307
28408
65447
102491
78683
71747
63945
84954
18101
252
73209
21888
117789
100379
14231
85478
101581
18216
45266
15936
3559
46739
46337
32538
49552
104011
44401
97493
61111
40800
77325
68199
6135
28059
43672
2994
74226
70279
46456
2000
85239
50192
7585
74876
38358
64506
74344
51852
34637
82281
34651
23655
61757
6598
87780
31433
31879
20824
41806
108010
99335
29969
106030
84968
73466
69676
43861
56882
35412
35676
86553
104263
21401
61406
80226
74170
23117
109733
83999
68556
18902
102875
47477
79582
93563
62066
54627
28881
19018
116226
78077
64450
39711
21726
115050
6854
3755
87312
9314
71553
110948
91439
93461
115476
67615
97007
87799
80838
42560
80038
116752
8626
74419
82598
30341
