80502
59955
100097
32807
61575
105875
27355
105300
64707
113579
74375
66543
91785
40890
81426
70128
114929
62214
90167
74197
63774
8624
96914
114110
1611
119550
6464
65682
92196
107684
108051
55009
106616
55719
92787
96981
86811
10193
91591
10911
1136
95476
99318
43185
33483
110439
94916
1218
62512
41926
15308
78041
64871
1039
92142
23424
110372
21421
102475
66493
119743
92086
117569
85115
38431
115992
97988
8989
74438
88337
4898
35586
112946
62289
111490
49395
13716
9308
95260
61611
49375
96771
30593
96911
84351
43991
110292
28544
17351
101571
1411
15026
104913
100516
112259
21952
52975
22041
69440
49182
115397
72291
51711
28951
81451
28698
115831
20920
118027
39335
89319
106304
57025
119622
81138
28418
67832
18989
345
45312
105266
117207
109125
107723
83911
13497
26753
75215
906
8602
1465
99923
114941
19215
24344
73913
99592
20673
107948
110651
27276
88793
25811
86954
327
90417
96190
113644
6990
38701
44019
31106
94428
54147
55202
101127
39263
77389
52020
83507
21534
106918
61257
64933
59520
7122
15822
83269
105243
97067
166
78358
106203
77238
34636
99174
73182
68446
91778
24151
72472
27491
4997
97875
6762
101944
2451
81613
17078
119102
100183
96432
103642
117975
84882
15688
62994
101063
38651
49510
42896
33590
52884
79503
9081
58173
24436
42808
116523
69683
51350
35246
85534
12668
118012
69031
33288
98109
84668
44293
61055
28417
113570
63465
5503
19802
119409
9956
102303
18100
87846
35729
56013
34093
81433
31317
51188
83475
50541
75116
112970
103128
112004
83793
20346
16539
115995
24210
89778
78072
112212
21018
6802
88959
54585
81323
26887
29894
74490
115441
50419
91590
77664
6619
28179
69539
67037
79825
113071
63485
32272
30503
4849
68790
16810
6434
114758
75917
38176
12687
27283
113341
16254
53309
95533
95488
82677
29907
45732
7881
115662
84080
85933
15716
65673
78454
77704
24364
64409
87906
82402
88160
38771
16750
49557
118093
61858
20550
69541
35295
10226
7700
49457
35654
100486
2289
4553
57437
116601
92195
17418
77817
10904
62212
85599
100549
64453
97092
60586
101757
42480
9864
100671
77730
29489
39701
89434
51810
71944
64568
92932
25359
112685
53706
44251
25990
63423
109097
65773
40506
101611
5457
101890
67203
103003
90599
106560
11630
67910
15040
75350
42550
69206
51947
113362
109777
70418
89175
73288
39860
33115
19898
107681
79782
91805
98991
85763
59629
102607
94752
30325
71347
74364
99731
109636
38352
109492
57472
117674
48963
86906
58969
98616
72373
70886
88126
65690
102381
21926
653
62480
51108
28852
84726
107708
29800
96555
39527
16574
52253
22393
48915
12815
82214
115928
37592
75581
49217
91171
104716
40126
117108
30078
116443
1631
114479
21211
99742
48108
26230
17964
16615
117920
99497
5748
53570
56662
24827
49937
89626
34559
91890
100248
119539
59214
26332
106685
17997
9505
30270
22242
96730
73425
33075
71677
60930
45223
22892
18442
81296
98412
20345
3977
12200
33169
99491
14289
81560
48050
17358
88583
95159
105581
85221
6695
12232
15950
54166
70294
52277
3470
54481
68723
86856
54115
117928
68746
106009
21205
83647
82641
45542
105966
70823
22441
47125
47235
44708
71016
52618
54558
86748
3844
116557
51336
83134
107067
114391
118560
118254
115551
10637
36933
105970
60258
14468
52201
37135
18352
32566
88675
22730
98931
42393
50133
108315
41710
65100
59847
61097
30948
55584
40456
110575
43299
2540
14341
60217
5142
6360
16001
51275
59674
30339
61294
19487
109255
61628
11170
23171
74562
53474
14237
31163
43174
100960
26377
91310
104746
115523
65242
99621
56612
46472
75525
25983
115482
35752
111747
88834
108378
949
111947
65631
74003
97194
115345
53238
2055
74797
107974
39722
74896
26401
85138
51092
108581
111898
53370
86659
4400
113114
54630
39805
8692
104351
35347
100314
42131
65766
25845
57761
45042
17919
110605
34952
42389
47778
98286
31556
87850
8393
112186
59437
107390
59416
100190
2335
16210
25450
67983
36073
57716
83344
68936
11653
63380
81625
67561
61612
80720
22645
64236
32830
8709
96287
117182
64480
65105
60386
72247
118312
91669
108954
55604
66308
61887
23188
91081
7646
64231
16698
27334
26756
38972
39694
26325
73232
1929
37121
4755
44254
23312
119013
71565
38829
46412
14176
102580
106434
118605
20888
12638
98386
108053
58894
62954
106164
24875
105366
81566
21149
106303
12240
74358
39190
89342
31972
55751
101940
60830
25397
77318
110446
5524
72725
32100
117512
47302
18115
58891
47552
75267
23721
16525
107951
113724
18331
97814
40434
33959
63501
69390
20410
51113
64972
18639
48295
118530
64811
51333
28336
76988
30174
4820
51634
85004
5024
112366
73401
78788
63015
91199
88345
74983
59859
16558
19468
101891
111560
71054
118126
103466
40733
103625
79090
116709
80316
52418
65770
40208
105391
81643
117619
35327
56346
30582
107172
15328
78920
114072
116735
36865
97118
84116
84316
89400
65109
13804
62588
107192
19334
8560
78597
115891
41505
5042
15784
112650
19443
66711
61619
2166
25221
84253
4271
61711
76136
40178
56872
94935
119756
67548
55212
8384
90183
119290
102476
69491
70981
69421
54123
13267
119307
104749
29756
75344
91233
42793
101100
35146
44552
114635
113272
11255
54892
77923
107920
103113
71774
37267
39664
3909
114170
90831
16263
50345
21202
61428
26122
37836
17378
46553
79207
113200
4401
113450
27700
116568
60699
115226
30771
26895
51414
34698
9962
5360
56263
115128
116100
104729
18986
74853
21300
48263
84194
66902
18368
30856
80121
109612
90242
57095
96867
60848
101044
47214
57412
72329
95853
40081
90964
47264
103825
3121
71410
90271
97488
96956
17960
43889
5197
106502
57623
38110
13220
116354
74386
15145
70990
35950
117724
111005
31667
69367
100020
37698
19454
11437
60854
71827
8611
37042
35745
23664
60753
22136
27307
40952
36095
74336
20720
12092
65710
54474
95968
98810
40647
57107
67838
98511
25331
91919
20834
28159
56945
118998
101609
111549
92656
69377
17713
72635
74097
51654
4244
108117
68063
36207
71422
32928
67394
103027
74417
119041
111610
7414
75357
6400
56296
101783
111138
61041
107105
13218
38504
1386
71921
29309
100941
98411
59393
20887
42168
47019
83491
100023
10857
53149
67799
32116
1884
3009
10582
16099
85960
104699
61894
37265
63478
33094
92484
74934
92496
55675
96829
23618
109383
96607
9935
15758
16702
49546
54955
111767
44095
86285
19837
37648
52335
25507
7180
20855
69584
116276
114445
56031
115
78085
30536
62680
117545
56256
111675
65442
6085
1452
44445
30096
5129
91792
104197
87245
95822
107446
23888
33887
85147
57559
83049
79383
57130
62579
107794
6940
105561
111386
5706
110883
9890
117381
58661
107978
60817
7725
78226
97750
35420
92820
93286
26863
26071
39215
92976
82364
106760
116921
114538
39653
116603
111805
526
6825
100567
30160
63743
18010
20818
64103
13106
28999
79210
26370
27235
69280
112087
118392
44040
742
15517
92464
65238
69079
76616
104959
98037
107797
115468
115603
67687
91532
82303
16168
26820
56272
23336
45363
70815
14523
33323
71601
108148
106605
63845
18365
109348
46042
80699
23961
44571
21516
1324
31448
106941
117277
2040
62907
2918
52181
75580
20104
52663
22169
44537
23061
90876
99613
68080
112444
99609
9861
4096
100703
14870
66270
20070
118437
119917
98912
19880
9375
109815
108532
105922
10002
68626
119731
88858
74788
60063
60900
83521
45322
48097
93131
116971
8691
8724
50873
61223
3972
39825
100096
52426
82548
86332
113685
116022
91938
25711
30245
53336
56130
70373
23139
22119
118948
72171
11247
74091
112361
18925
16188
49646
74006
69869
17230
34166
27223
94827
38824
101721
27143
115842
61235
93682
26194
108184
143
24760
117079
30874
110743
116681
66681
54837
25890
111776
102260
13117
100412
116521
111703
39852
54220
99370
10307
74163
115487
34874
97543
68384
27596
58802
36090
47966
96024
1278
24403
40079
24779
34927
14575
40980
50613
68605
81644
111062
67625
107336
12522
50016
39075
2943
51594
83667
95410
109592
93746
8505
89697
67073
105437
86071
19347
101808
111278
42115
84275
40462
35160
101620
118897
22094
55440
39702
53506
817
71540
55635
50347
46957
18092
5222
48417
60451
40381
74958
99162
92870
95519
92042
6370
77033
748
63056
111194
26742
66742
65509
883
15333
70238
57929
97011
119957
26528
92946
55305
100971
44048
9643
14372
10960
111476
48327
10709
58844
18808
19947
31803
66751
10874
61736
39839
39443
19797
61640
17622
77477
35142
51995
35656
65961
80744
110642
25118
26177
106998
68565
49879
19745
114112
54097
47258
98198
21998
56243
84868
95010
111058
25187
88415
19758
63769
111654
113388
53750
57292
28200
40836
58027
63841
44722
29942
94100
86915
42269
57050
20350
68407
102791
113189
76503
23529
2109
16852
100982
16903
28286
107990
39667
99670
37533
94558
23901
78604
18151
48974
10647
118906
59660
