7762
75590
113886
66109
113095
15576
46124
91931
50459
14750
49265
87033
78361
36934
84108
70060
39524
98390
64684
56698
98044
42384
76152
18028
89195
50449
101730
119525
94349
6508
109131
34083
66865
15967
78674
81216
52262
110490
43164
66529
77823
54952
62564
39618
38730
37579
44849
27281
4633
20458
79293
90031
89847
76212
63563
28910
113954
84905
22529
81772
33139
61739
111407
14219
108132
53030
118199
88967
87566
55609
40549
51062
96412
4116
111616
23806
12465
64351
87164
48092
39765
66383
55834
42990
45606
67065
45457
44327
44426
106199
22744
88551
108067
104088
101672
68779
20483
84706
62291
17193
33419
74803
75273
31474
114388
74111
85842
82784
100803
46789
96801
67196
78227
93503
70472
3175
70446
94377
10987
19720
116670
62253
51620
117748
69970
87533
58671
28160
97318
39645
46446
74422
69654
105055
35668
10616
34264
87764
44794
3399
52744
94614
38050
82120
72537
67904
87992
34582
19552
95128
78689
119065
16309
84078
30842
71279
8098
72414
61991
19475
6730
60869
86641
100000
105590
36201
95054
92069
107891
7876
1016
64167
63338
87964
37864
115293
29063
16302
79426
99060
38106
25922
622
110289
56148
54265
76732
953
78945
82517
88056
93262
55985
84077
77567
51469
53040
91639
66512
99865
54677
66654
87061
4253
111404
56144
47351
69350
18269
90218
88734
27870
74683
116238
85733
44391
84289
17924
108196
113794
3290
4754
74137
60927
66306
12927
45857
70067
57216
10156
92237
33574
111092
13355
118101
119016
112130
55845
119193
46353
52230
31555
119596
67907
112417
33740
16709
9612
61464
68724
13331
78546
68075
99295
70226
77439
107831
58079
87887
17086
78978
17550
83831
61784
63718
57451
41750
20490
91617
113977
43948
30726
100180
7935
47037
116824
40265
19091
8423
94319
83467
72014
53496
90618
86982
18812
7123
32231
74649
85894
93774
58911
58231
62452
34286
115537
11663
31596
55530
22803
102984
37468
86852
12017
65317
2413
5334
76258
56114
94264
31123
33292
46576
102169
16806
100985
16988
42167
90374
94922
31700
2611
77957
90982
24265
77722
26659
104611
89043
114586
46125
68306
66254
21930
91161
64891
117153
17660
51057
109842
46924
20499
11364
24460
58197
86098
38734
98664
111763
71166
23391
42586
65161
38407
82499
4060
34455
75687
35692
65307
59061
112935
82472
82851
56678
108822
92454
63061
73634
117793
96862
9452
87542
11598
19211
119135
32127
38805
19534
109808
79524
48752
6023
101959
32729
118335
100560
115853
40465
62914
78347
7657
110745
78265
50802
30924
1530
22698
53995
48183
20469
119080
85258
82947
101753
47174
92471
31142
101300
66005
55358
108299
45846
114041
119452
103877
110842
50857
46936
77905
116893
97732
62364
90072
76153
33223
113967
42700
106989
53249
4715
26695
111064
102773
29065
86481
97362
88520
108314
67682
839
48969
98684
41665
52645
101732
54867
50414
61371
19282
70908
20457
92285
111185
59429
56599
99938
119910
115369
53922
93428
35537
111745
20681
24604
63188
76465
102141
51954
23564
10635
3578
68112
24102
47147
51891
91850
89059
98830
102719
85989
11324
27985
119330
36098
11738
89844
51323
54451
11917
81731
14738
5616
73864
56129
91084
12463
90364
111270
51272
58314
51536
111557
7862
30528
61759
116230
1021
31457
6120
37263
40774
11182
95823
66105
103792
51495
118325
31334
39975
85702
100761
94606
81906
116039
91869
119084
56738
44364
62284
1816
20272
88117
46402
100665
98803
30736
86632
7909
83071
116425
11488
96950
107801
21482
110697
85603
63856
107399
83524
116611
88447
100011
57906
74382
31558
100653
81865
44952
105210
93892
80324
24069
52351
52936
102598
86834
153
93254
30998
89258
20801
76233
3049
24055
3173
67813
13150
17481
57453
115924
43441
22659
35317
16238
2594
90147
59517
93913
109900
37451
54578
102888
58338
18055
10302
83747
50901
105008
39470
35344
1924
15307
96609
61572
6369
4813
70042
40500
92269
71344
30875
50578
107438
22771
100047
42240
61941
113259
100249
49246
108886
29253
12205
62922
91645
57735
60941
113576
107901
6205
115681
85456
14558
15164
1471
82968
62771
69608
91025
74818
23789
64550
66752
82350
58710
80950
82942
57092
50254
50377
65819
35635
95307
117501
69166
21318
67356
24739
109910
46729
65330
92510
21630
71174
65493
54030
117890
49744
4654
4688
1896
51267
58918
63651
6718
23447
23017
84797
97047
9257
63843
18659
40604
24535
61706
98757
71938
89923
38665
118259
11556
118359
82421
58879
56815
117217
684
106588
40616
76267
24579
86068
37536
15370
48476
28365
69959
37922
35116
49931
85046
111051
83901
92529
102648
91579
97398
119541
68122
19080
83266
100129
56326
55335
53969
42450
32648
11456
3480
76759
74792
38648
105171
92770
5429
14477
54441
114729
9489
21062
24493
545
89099
32310
98372
92167
12434
36358
27577
56747
28462
7003
32842
1299
69729
72155
91053
5152
76842
90324
20432
7139
100177
30691
22683
35217
26941
108224
102793
113269
119331
12906
119176
116220
111804
29748
85954
110735
35375
100296
27505
10056
84353
65842
2631
72670
31893
52638
9229
29306
39777
113620
64708
110632
78932
4563
39574
96504
57474
39366
58834
27794
105040
52148
116555
25637
6077
119232
11904
105652
39747
72655
88690
56192
110582
105805
15523
92869
25389
1863
5593
116895
4135
74468
37176
88249
18263
28621
9367
8376
55580
41418
43378
32355
71585
88403
49392
38036
29940
16515
8822
68254
64894
55736
97642
49722
39436
96468
33769
33022
68285
26087
115120
42988
98697
76321
40407
86960
383
11669
81765
8166
114435
88369
60739
83421
10392
61386
38956
15593
105938
16746
77480
107605
111554
93014
59481
57301
105990
14542
25259
93385
39001
14570
10418
40641
77882
42047
110108
10111
68360
111470
18108
111217
38024
67684
84095
9276
99393
57476
102705
32499
838
98338
88857
19330
11566
54616
86572
6861
69562
58390
90707
71870
96714
53477
54070
29170
105500
57222
80854
12459
38448
51963
51930
52655
31322
21397
46691
34170
112899
13113
98227
95925
37818
5266
102342
84894
93824
25855
10836
119778
14085
56197
61982
23784
119682
91319
49521
108803
46656
29673
44508
82107
87508
44590
97607
7745
22095
6029
99066
99379
30912
62816
16888
84672
36907
87498
20303
35203
114159
5185
34796
52350
112765
57833
50387
73937
5248
30780
92774
57910
102727
29555
40291
104643
25979
80655
3681
78436
90203
40019
115511
74042
108175
61577
50862
64779
72062
66719
23679
69502
95951
32181
32507
46403
30876
61012
101030
25418
11635
20909
117524
439
97179
65163
105527
118641
46975
99719
88229
30983
84851
60737
106797
58085
1658
50906
78870
29057
107426
18696
20184
108873
98866
7206
3625
53493
18709
114134
60121
25283
42147
6367
13272
97375
89590
103132
2583
102962
48266
112560
6402
116690
40851
4037
6001
24513
15462
28285
44380
31090
49797
79118
6221
1824
8265
78796
8427
116062
16913
66781
78381
114312
113628
82237
107230
87009
82798
88
22668
51364
110
8073
81368
11497
63511
731
2655
49011
99699
62741
66898
114468
59384
38697
95334
105327
29965
79165
54954
54543
82787
102549
80570
84959
64139
32455
46168
57635
115821
95630
109102
58450
103099
94201
7773
11637
99169
69473
62825
5028
114810
23810
77918
3714
90656
1661
24428
77991
5470
96740
95302
54394
22989
61265
45988
27273
66670
75601
98635
15044
80546
82574
68547
92601
43811
97793
61291
103323
31962
57327
68677
60170
115172
12709
85555
85068
3807
91134
5951
53399
70395
2050
47784
52745
119140
105131
62206
77930
2306
58995
1388
1905
71020
52580
66738
56378
70349
66662
17882
116403
9143
19372
92345
82804
75129
79834
89389
119190
50958
65652
68507
57487
53473
44093
93338
97940
34436
83458
72310
62147
105310
78412
79099
100785
109985
