7441
20008
83915
71165
36778
99151
47155
6409
118251
77708
4627
41446
45898
100122
71875
95561
108174
11815
19046
22565
101353
119612
52281
38942
94244
56434
112228
115398
15369
94671
95400
23645
100091
6984
93946
73316
64606
41925
37490
88054
49642
84169
20157
115619
97975
28990
6462
77731
42244
96230
18154
111931
80314
102092
411
104799
4078
25459
7797
95545
89826
102647
59976
49343
106908
69304
103123
86648
110132
1630
12365
19413
50144
90902
98681
59981
76591
51349
43804
21942
37656
51074
51234
118753
29587
2094
87332
52773
62658
4503
47838
44902
74219
109710
17479
30702
42507
12539
114200
35954
32477
82188
83022
71599
16037
4838
38772
1713
68301
7337
87119
116347
37419
111846
50899
8145
8592
7194
49348
3432
38719
64269
18135
80661
95850
108029
40093
24558
75338
8798
99922
81250
112479
101893
87232
80297
32872
28158
81542
51242
28480
16478
2891
107495
115580
51876
109742
17976
17334
13893
53714
114280
78297
112737
40945
107062
59725
17001
98413
86191
108801
119837
98726
82910
3302
104925
67695
44337
45041
20131
69601
31185
112368
23701
113484
50652
86089
17526
73230
59553
94378
1109
16337
108254
62704
88193
45524
111885
105765
107303
50720
50365
70891
55957
48525
20650
72964
33305
91289
117608
34392
108550
13721
91112
31749
91030
7587
74878
62039
85466
14430
49133
31188
42570
5126
65808
116317
40309
81067
101989
4558
63692
6078
82880
14804
41021
3800
114952
60770
57444
108019
11044
72450
90731
58273
40027
70765
29116
96766
84318
33332
88556
33989
58517
39454
94370
85200
29037
75141
31970
101493
13093
14021
85375
84789
70477
42006
16167
21565
106818
98576
102536
63946
26070
10639
57454
110427
119996
23557
22789
56422
6900
64381
4456
67052
24721
100954
90995
30627
92735
53174
12828
22656
14683
31865
111989
85284
61569
96535
28689
90843
106492
60962
89091
49212
79123
93580
67938
35191
108180
10522
107856
33285
81044
52042
15968
59149
117812
77274
982
99610
102602
36004
102701
63149
38860
102133
36307
27906
86386
117425
68578
75817
81516
12328
50535
90738
82062
78262
50565
15228
74992
86144
69277
1486
72542
78929
109000
94081
116652
89632
112664
57170
112663
23071
6499
43631
53753
50997
40276
507
99581
77824
22111
73629
21912
61997
62263
16984
80491
73076
80084
85963
687
12949
112593
94947
16399
702
13835
21321
58353
54941
76391
101600
31902
117630
39208
86759
102996
72661
100674
31024
44070
67587
29439
77385
12460
9009
94681
36511
59318
93241
94490
41701
19514
33867
58977
48345
75120
21714
113813
15744
95547
91345
25220
32551
102752
12085
17636
65935
37856
99905
116574
82345
2886
26901
85160
574
17354
20343
98422
76059
109151
114263
17962
103242
59224
46962
22157
26443
11883
106782
44192
44888
27534
65014
83196
66034
82949
98949
79664
110296
50760
118592
66849
112898
66027
88912
76901
39643
15796
15511
82024
65165
12173
37731
62738
78912
79073
27485
98766
4217
44693
72934
64600
5798
46549
68358
22646
3228
86007
118276
43214
41992
59323
60756
117379
76522
34394
10317
119707
106211
40661
60974
82811
102164
76770
95014
50709
13945
93225
89527
64412
33092
40548
79807
24540
102365
27717
94863
102683
63667
258
9024
101618
37677
49019
15972
4815
56707
114418
69540
38188
64558
63463
105583
96521
26482
101470
115492
3786
58843
24608
4490
2776
40398
19032
49514
37827
23967
19403
7621
5913
109649
53264
5372
69858
102631
88444
63140
78909
92993
29879
104581
44726
22320
8298
69658
30619
20386
14307
50952
70499
104867
107709
1659
70649
22196
107685
112659
86100
49971
83004
79351
9304
104805
41933
77875
20083
78259
97665
96991
9305
22689
80907
98472
34532
107068
84890
22199
53342
41989
73132
11966
117475
24337
44379
116384
110997
106862
21954
63327
85048
102597
73458
15793
17837
42015
41139
104416
113785
115500
12961
43664
59869
99532
51657
104822
68136
18923
55939
110236
3191
35438
27192
71757
9315
49593
3589
4435
54995
11366
12548
38315
108975
42359
80092
57626
60326
82961
74303
75497
53146
101132
57466
45573
95013
47074
102910
101638
63910
42901
23201
116549
4966
102595
91814
11358
44988
53637
66101
119966
115663
8066
89662
116380
4730
93639
10148
85669
70700
58022
53874
19850
17160
56986
59569
20912
62606
102435
60511
1856
98603
7100
8916
75373
2427
77587
68145
68231
22370
8302
88274
51637
40759
77771
84124
55702
55494
72930
15560
67596
103481
50453
30845
65270
102284
54759
97584
90246
79869
91040
102099
111366
97781
37503
33974
53330
100891
98170
77834
118362
26051
116494
118846
17696
56027
35258
58814
102478
101310
115377
66590
119516
18607
74234
10672
17744
56841
100044
84656
99925
111247
80412
2061
104508
54546
371
74444
74443
39937
25131
72297
24705
79778
6072
81738
111881
62088
104804
104119
76131
9863
8770
83014
21996
94609
41678
66323
72064
7777
3100
35550
48234
92507
47904
3179
67600
93701
75845
55637
12415
82847
98617
72223
111791
102946
8635
19669
99171
99803
90842
46734
92343
40454
76183
10465
77774
19548
58928
6945
54046
4337
22345
9380
33834
102646
22978
53159
18
60412
46485
20679
177
51214
9686
103485
74770
43965
47008
104636
39444
107144
17186
88680
104354
89310
76278
32448
3804
20158
5511
46664
75673
83640
105694
38195
49918
1200
32358
1264
21904
87509
6097
107003
88236
10587
34203
32223
62650
22920
20589
54963
69334
23070
116889
67048
53308
41524
41469
66122
89537
32527
93023
77975
94065
61896
18102
29191
28822
58021
8807
7347
44882
90387
115744
24256
116397
75368
43484
86043
66007
32017
42426
103440
87690
4984
50295
32072
50800
59817
18526
13686
75114
39396
86563
89685
43506
11633
25469
58320
72432
116551
76295
100029
20762
88781
72868
83830
96002
63231
103541
20638
23025
82719
118386
100644
59344
91322
45243
13545
48638
37240
7332
88500
76098
111493
90524
63662
54559
58589
6111
33952
93222
2437
70862
46528
95750
3073
70966
98022
116044
81471
38931
105175
6519
1911
41661
105409
18228
19104
78489
60022
107946
9844
19932
1640
85762
74437
27855
94699
29936
1669
49632
79581
4978
109029
45237
52349
114726
65184
55990
73535
110374
46016
71234
70924
14311
70276
75115
82404
35940
38458
50820
13982
48790
87682
38669
49427
32950
83153
34839
108080
113024
78142
48134
49703
83097
35068
72201
19034
17505
47535
96007
50284
11796
64955
55026
88390
56065
68020
64885
98611
65284
76878
100947
109190
114247
66425
112616
40934
10450
5838
85717
96852
21296
119583
90287
51604
100303
47761
118778
63809
52448
16725
87534
116081
84436
10345
60457
101537
113943
109869
49118
7104
14939
62474
115707
7287
119104
9121
5226
90905
15483
29440
71493
55491
94575
84742
14966
85426
90555
34701
63758
53673
1730
88458
56979
82299
105721
87109
14285
25557
61962
26178
42068
89827
7766
93377
3781
101307
115074
118790
21236
56005
84362
84771
35754
96050
30759
35126
31428
118139
75512
23628
71406
110532
87165
63363
3375
4622
104825
79380
100600
19303
75252
47968
97280
33770
62029
70786
41934
95873
84774
75500
107932
103378
27350
1275
81394
75434
32868
11041
78420
97613
67228
106873
33935
84406
28569
17534
66784
30781
90192
117017
78296
5693
39241
59798
54555
49589
60111
108160
100698
47757
119289
34420
103478
26299
14134
50435
103211
99505
38424
73733
11169
24024
3185
50115
29403
89937
32637
64485
31382
22206
39952
98750
55581
33172
111317
61071
33218
17307
12989
93167
71706
77120
107168
66882
66869
18964
54013
56287
44262
94435
44656
41953
70540
116807
48014
88687
66854
61722
12014
70171
107296
98230
48886
91700
30565
39571
45424
15189
9694
58008
89795
111188
58034
27383
34618
84310
93019
46413
11817
117606
81179
55389
96565
31055
111259
9534
98859
61717
109049
38438
88462
38271
53661
15218
24533
23395
94392
69698
80325
73981
112594
30743
113426
44913
83088
42284
86646
62919
117943
111832
109171
54281
4900
93945
64065
77
35797
80727
896
84238
94059
80143
117925
15888
56215
55515
71537
16780
112745
67443
52103
53277
116388
64075
60857
103614
12037
19414
60893
87806
51787
40269
42704
21170
7429
119346
3514
54676
56977
22879
70038
21679
51283
4121
35414
97634
83197
73809
35153
11795
98056
77513
71195
104375
58568
71382
53387
41245
97523
24666
26158
94341
21895
36834
8747
105616
57310
21815
57221
2856
100581
6635
41767
82109
96112
107599
118319
49057
17090
56121
22045
9432
98120
50317
117761
39809
88455
119548
83104
73002
33750
32364
39414
114583
53839
82005
68535
81594
44691
117412
74701
77270
116947
76454
62412
61250
85529
93272
63254
276
62684
3526
14045
100559
61599
105093
32238
103098
69058
57954
41998
4009
110580
57435
108988
33098
48950
94745
16948
1656
76890
2453
40388
100212
54917
49323
93062
4748
21292
5082
89327
56762
100651
31459
72371
44427
90001
12972
34429
2051
4072
36772
78372
50468
61091
36053
85565
52534
46997
102239
36236
15075
82723
88211
61416
47807
7771
24154
65659
99338
53073
89615
100637
97888
107430
9182
80806
77138
47517
90665
15451
32240
14511
41574
110946
77062
7250
111313
117462
101252
62528
27140
24554
47016
73079
91920
85278
89277
1578
32146
37167
65045
33532
7310
55487
24665
34569
48090
78980
102406
12332
36642
106650
85413
35486
48220
64773
116427
69555
10932
50031
85061
25653
93599
32561
38344
112852
13094
94163
27689
49274
101032
70044
99406
76660
58167
54316
41217
98385
89965
50984
46530
6961
16092
36730
92425
95831
85257
89314
8197
108798
101833
12270
109664
4462
41221
108149
47367
42423
43330
89279
18629
10776
77780
74261
28891
119457
27631
68205
6244
71593
86816
64081
49739
112367
61369
110679
37341
95412
960
74405
68635
74287
31757
46647
47199
116466
104949
53708
30037
63406
27411
114959
30955
36940
66669
39674
2975
34334
22476
107415
105338
1363
92244
60935
113899
66092
110426
39214
94215
53503
61538
40142
75294
116528
7923
77215
5689
56001
90638
95531
116596
31644
106430
53783
94568
4985
115782
81035
78324
42484
5591
93745
106708
38935
80951
60983
86647
35792
53248
44690
19713
113978
17004
87288
98195
37854
96520
68037
15086
68628
75977
60994
41474
28006
90446
89876
86074
47312
94360
91135
54581
75179
22278
87367
65888
106290
87298
91113
330
30915
108358
37325
116041
65499
35931
67996
77894
74348
34251
113211
115941
102326
87286
63428
19415
63170
60464
97312
85787
56116
53364
46873
114869
10335
23914
99982
27801
77936
36824
118313
71484
52064
76441
27624
98484
118720
80677
82681
18299
19228
14233
85773
108079
37566
4101
112036
117529
86914
46854
59741
83985
104813
76497
3447
100278
19612
92908
66242
24715
89317
8153
46883
39257
86935
76742
42170
82467
13056
20147
60960
23733
54536
49187
95279
93715
94429
87937
5950
7942
15498
6389
75005
48477
94055
8485
49701
91465
52290
94460
1245
76879
19378
51996
103779
11079
30332
110537
14327
72845
5853
65137
105279
71555
86159
13811
112365
59701
71922
32291
95888
72086
82070
38967
4134
43472
106841
116188
107167
115115
119578
83341
72052
26868
54860
68144
54588
29970
52206
60876
99553
77312
35095
19407
9661
5368
30041
94721
24198
105808
103218
35751
23208
115898
73518
75483
103364
1706
65104
95669
37424
68286
11947
85640
82741
91821
58662
94098
113804
81721
566
9202
40858
64350
70012
1871
96332
65457
47651
16567
527
94394
105326
116635
87585
59414
43545
25372
62469
106866
9110
4186
38217
115812
45096
92979
6416
114533
66598
81021
59581
45128
57213
3542
37640
29143
96915
88139
78466
52735
534
74620
90014
88214
4890
80586
14044
49813
2523
89942
2412
30121
8939
37716
50684
67136
39731
99818
5640
22038
70186
109759
86828
72172
5637
93689
17996
23866
49812
119336
62929
31004
10266
109327
52008
85744
94236
110163
97240
57659
81717
45408
67917
31081
32680
118853
119376
75866
102402
104193
94798
83115
110530
23435
92277
74748
21109
98142
72508
33041
115118
77203
72348
116631
69525
56760
14931
77334
19308
35041
97984
12487
80340
31032
69326
96375
51681
42577
118881
111699
82690
25057
65099
67935
99866
21353
94852
80117
95719
63608
111289
14405
2522
100219
47329
1492
73052
73681
16441
21182
7487
75826
51247
82235
67240
81082
82886
22098
114893
30908
79093
3125
96216
63952
57631
90062
72255
49977
14268
98699
87811
97115
49831
14877
110082
61127
91941
44860
45614
110092
45726
71046
83241
58427
76003
68594
52264
58095
52387
109120
82831
46849
6052
45918
97284
118875
44480
41670
50819
56768
108621
61857
103224
68530
36303
97314
7120
94691
29521
98878
83112
56657
103609
83288
51984
1381
51279
59800
53347
99015
101363
19496
19244
33800
58670
21116
83221
85
21731
100028
67264
75957
70873
58130
110966
119607
92803
37087
79793
89565
15527
70111
49868
69468
79864
56237
18541
32273
42601
49621
42825
5720
109009
108840
84047
92221
103978
23055
82849
73295
42382
95979
60955
55206
39695
92831
111034
19396
29547
35180
72307
1822
34817
1654
35408
40184
38279
2479
23516
25701
13119
85370
92634
40470
100900
80241
55521
108133
108354
40473
107107
117073
23705
69963
93696
76900
8707
116781
30917
66890
9264
32152
15971
79630
35413
14000
73819
62612
85130
112858
67372
15027
79622
76194
50292
56860
38611
57866
76311
90583
70589
71275
117875
82555
28241
117086
96619
70698
34570
36324
40117
69812
27540
83242
29095
30399
42958
1268
2058
36494
79770
96132
31427
112617
79254
114627
10727
102374
55665
106843
8311
44064
75824
44927
103643
100829
77357
6873
73160
97071
57367
55109
14963
27415
65320
54944
20208
37527
71366
57651
29851
85649
111572
22585
109542
22700
27911
96095
11275
42933
19332
56825
9530
100142
114097
106162
55605
57187
26972
52306
9193
26065
110941
76386
86528
25980
1784
117689
118586
111511
95225
55334
71482
103191
91723
35908
54029
67345
66068
51324
82861
2840
42726
99682
69898
105247
102724
91018
117238
4264
56773
103941
77956
54096
7856
2270
1612
82180
112289
38588
116051
53214
31666
28823
75237
14215
95527
25273
116258
30700
20980
3025
34946
91427
81790
69795
8849
52104
633
24476
72228
25908
17301
41860
79104
116755
30132
54861
51650
68631
118579
79940
52407
29932
24769
54008
5468
83582
112035
94096
104827
74035
26403
117068
14146
99527
75910
22305
27656
14833
102883
27259
116628
32434
25198
33471
26787
53654
70018
45043
100470
69162
56509
84913
87591
47625
86788
58352
24098
66269
39793
37169
55743
48951
97599
118712
8907
3922
107137
51979
95789
44177
88584
93868
85684
2510
100230
1170
9157
108451
110379
66496
46435
50669
31341
20896
64141
86726
50703
98516
37869
108845
30199
45323
100006
61066
51713
10853
107239
70742
8797
64085
77381
59160
46345
60248
48667
14968
106244
67853
95441
108546
95365
58335
34590
17616
74545
46313
75381
57163
91105
106112
17369
100926
53997
11019
27245
70080
82371
99534
68999
18400
58045
79114
85074
78573
91075
72576
14333
65734
12788
77282
110900
58170
80603
6280
47496
100786
20324
59613
12156
109878
49921
1334
91078
24181
40954
26261
65366
10913
54674
86682
51136
6335
68143
48354
95818
31664
3145
19780
73834
60815
29251
110519
91928
105413
91184
43228
26856
45407
87577
43663
84303
45521
91900
46316
15731
11302
95893
20594
31840
84134
30335
1965
104795
114273
15681
2298
25932
27373
91710
6575
78884
69112
36458
72054
89553
27787
12068
8802
58800
111094
58788
65993
87247
43641
37765
72021
25082
46740
32404
62397
74036
61552
89249
41931
113823
56788
28494
57511
98899
91828
33998
85043
28658
83163
16599
105337
94808
110006
76677
78798
91952
67272
29254
115494
63398
32177
26293
26775
77386
9592
99053
41426
99879
80311
98429
72360
10482
113866
112658
30637
39274
29532
105466
79069
100491
23333
72522
62366
68249
23073
103180
53128
107952
40757
20205
277
18105
5925
86521
85508
39511
87518
118305
78541
109230
51103
36460
30055
19770
101366
9949
94905
29608
20137
75040
92130
111721
36443
39608
14645
91221
59986
43523
44029
78308
102430
54816
12170
82778
4100
49737
107065
89676
76730
32865
81922
104768
82951
119864
102584
106835
54764
14019
111588
77648
73509
37510
38412
49800
110599
86438
82820
92724
77734
109749
61439
21120
52877
37106
64922
55534
52566
82981
17561
97725
93303
110938
99588
66595
93471
51407
29118
59996
80615
3735
100213
100224
74134
112626
111003
86314
85792
100251
10230
76143
73923
55563
55954
42691
20800
103385
72325
93102
42561
117607
64259
70840
34342
77947
114958
68630
84058
34347
63445
51217
109616
93453
75054
44569
119522
18416
27425
26710
98532
28478
80519
79428
5777
71798
100034
25778
113105
38232
32192
35223
71897
30323
92694
71913
92087
101984
58678
60442
75210
108790
105898
41283
78527
42826
21003
35494
76985
72588
55891
17144
84076
105777
108445
115675
50522
87983
24757
10694
58435
112254
115324
89956
18117
69368
106077
7503
107616
7616
32219
117071
50561
11886
39157
95177
11584
13007
91432
31960
97541
23787
17762
76246
11753
46892
44870
116104
118788
25393
50050
59442
68184
16362
91542
14708
46475
67194
39352
60230
47694
92076
77751
23990
36540
117618
46938
55269
55271
119718
91605
11491
90860
98114
119450
84452
95886
102043
56011
42317
44796
76058
33926
40043
65255
55856
99901
74239
5000
30815
109142
49577
25813
32857
65739
58812
79632
51690
3678
117109
115635
86468
46193
89171
112500
14545
27076
79769
54356
39994
116240
12691
97344
41310
78133
1485
103796
24247
23770
93512
64705
62706
117797
48774
81006
24536
19423
45672
5606
51966
115906
52899
10282
2431
44503
6512
57919
119188
60523
94102
106074
31300
13475
95090
110318
2702
61433
69314
58699
2595
115612
32593
9146
42330
92099
91357
53034
75244
16318
2578
92744
4916
37769
36895
51775
93219
100506
74557
76790
11138
7617
11779
79741
32628
115790
20309
86502
107618
77665
115046
110971
27944
9892
32496
6083
60977
78422
106161
100240
104494
1907
25687
9785
14094
15269
6031
47606
49507
95487
82716
114968
85488
62427
28984
1960
88522
20383
93519
65325
5075
52644
53020
111692
65703
63109
71463
101524
20037
90886
113459
68288
76094
66410
39088
114608
52312
112111
41089
55400
108842
62595
34527
38936
51701
3461
27466
84654
118140
111303
117734
57379
34738
2193
36773
60438
89137
39718
102124
72404
69249
25365
78109
85232
98976
54915
72972
80628
68925
12137
33274
31220
102813
93668
21838
32709
74669
25117
26146
82773
21177
54529
33908
116891
42508
26398
14981
37465
104931
51736
107571
61271
29692
1358
37200
90670
81313
75006
5762
5486
105512
87174
16592
57149
92627
36889
23086
60064
29344
99810
98255
87046
33547
99836
107412
100773
84776
14320
8207
69397
36336
73039
102172
64521
66942
52263
79890
40783
72595
87882
109766
9240
51542
24646
43342
84919
89001
99746
4951
96206
32265
11238
40107
91021
79786
73178
57515
60319
111840
77529
106053
17894
56720
109146
107343
58847
38087
80108
86739
34465
77379
72444
110167
24443
102562
16607
31566
74590
35380
32094
99793
28401
39933
54073
25944
107759
77101
85116
67022
6100
106655
26474
28019
3698
62691
35345
102306
12845
95167
51453
29456
94607
24559
13904
22537
12736
54045
42003
92501
40765
14537
7438
89725
2548
25123
60400
4753
84264
111729
108274
28889
107267
75635
16912
92332
112460
78542
117792
37614
107964
22159
69021
888
114287
11985
21011
15222
116770
27117
24062
54100
23919
24293
53857
5912
27628
16466
56908
111825
22369
30820
104096
105783
59671
114930
47727
114243
71611
119978
87583
78459
117639
4249
68982
8377
106716
88893
47504
18271
33479
13293
104676
118040
89849
4906
80629
1309
43379
100187
86371
40803
97762
50616
104832
5292
33762
35308
31042
89286
114520
40740
117014
77862
43093
52512
96222
63150
39298
88209
42333
96025
722
17069
117566
115449
29601
17053
93118
19202
83772
102332
96035
75219
91437
17056
22967
118379
109140
44231
79163
101150
37411
24658
18656
66221
89232
4058
36413
64846
2439
73351
14304
91812
96070
630
93866
71558
8746
107818
84615
80284
79660
118433
58659
111221
45501
94064
48158
115527
49576
15039
112095
84188
83470
65830
20088
87343
26715
60714
10752
26396
14943
94234
86228
42448
21563
54932
40163
498
33215
102492
60108
26583
62373
14350
35325
87734
41935
72446
3502
14911
32087
64597
108482
76787
28232
51929
5704
102380
1207
3875
112335
18004
27227
36008
70672
2805
107506
86385
96428
43196
69414
85965
81824
21694
9717
65373
23292
97014
85919
55047
6618
44112
110535
14998
5970
73025
54252
54787
76054
62068
103957
100827
47978
56812
1829
1800
44209
96681
75047
64394
30518
80498
29370
46523
94367
115637
18906
62668
107242
1628
54061
36318
61272
95341
118070
59816
118242
91516
55738
57741
43268
22291
68283
96188
16393
6317
90175
111796
53328
117756
54323
32912
77853
45656
74089
52718
118751
96856
104840
6788
52301
69271
110908
55029
103106
59469
43725
37346
109954
111713
48304
17536
102166
108094
67873
12420
101298
90121
33796
33964
16996
64914
39321
88192
34603
110096
118588
68739
83239
107002
6230
105559
7273
45885
105215
42152
70158
108420
100229
118472
92467
15192
85571
60470
118834
88924
70758
15311
54872
69930
93835
110315
87740
37920
25322
37311
5695
101138
60508
73416
19638
62988
74231
2190
86391
94685
37394
26480
17926
5377
75906
18488
72384
77550
7936
81068
37528
89086
1445
40518
40479
85709
22178
68100
95448
42442
42571
55815
21328
98257
1387
64494
113097
107824
8449
31938
50071
117922
3924
81220
35090
3642
91999
75569
52315
39459
32937
39533
52881
57429
8196
113537
37642
83734
118766
73552
30272
35749
105530
79962
20696
88217
106367
101566
102266
21831
15296
14463
52447
70288
117169
117621
16334
11698
106282
58398
37029
73217
119066
102027
18259
48689
97641
92101
85940
106927
79181
92796
41774
44565
65709
102415
71441
95610
70653
103777
3427
10420
25190
109619
32045
10595
89302
93212
5536
89260
35893
64074
31193
81105
42285
87137
64855
36230
62149
109597
14358
114771
58801
81836
66251
72466
64349
12803
102281
58707
107410
33848
101254
25257
20331
109077
115082
89219
21201
54001
106790
102399
12569
96101
7562
20783
10071
35210
85086
64229
