51190
61106
116369
97511
45588
73305
88186
43728
58784
79638
81419
117413
68953
13430
91673
64699
76044
118762
23615
35515
73799
71316
14017
97459
51129
70394
18667
12802
28659
9450
31765
114222
105909
102487
20845
88936
77242
77683
89867
10202
84435
50022
110855
3364
99737
14480
79752
10965
7620
45648
90078
88476
57930
44207
71517
100909
60521
49219
43456
26538
23206
75153
115605
23387
99718
99485
50322
40334
34755
37702
28379
36518
46304
28916
39170
72385
59357
65758
35466
8134
85945
92078
111876
94220
16294
33852
99224
111115
63059
86301
94736
16404
114208
55032
50843
119056
1596
38310
53776
84055
59521
106242
97141
47171
72863
16620
43564
119401
55668
31526
119590
26495
36493
78943
24030
3056
11859
101542
94313
85942
111471
109979
8061
6830
61104
108944
101025
103069
85476
76814
113314
63433
78238
98093
110614
43126
107483
107900
34089
114090
32655
74457
30765
57875
33239
41058
116853
85412
110230
32472
62416
402
27244
107084
88180
26963
27880
5847
53571
88526
74350
43266
70209
40635
64430
36809
58781
99775
10843
64829
13565
92778
102145
23939
74370
46509
19511
91384
1968
10155
102563
63102
51204
75017
63855
101645
83687
70764
3834
78883
75392
67025
107510
2557
18309
117790
4222
84755
91028
112642
104057
81579
95002
75823
24466
79424
118220
106698
797
45307
19699
18191
116689
31533
82357
115109
26611
113741
45350
99794
112187
3738
76991
37883
36919
54758
61260
56525
21786
30416
72161
71034
119103
112602
52241
31903
94032
32699
34126
71373
38984
21754
74220
682
18030
62770
26348
6561
99204
41114
85250
67268
7628
100566
18819
112580
41181
90105
64352
92325
78568
35028
73647
68357
104013
19779
53210
32306
10657
8127
40762
50979
93409
65912
44610
38193
97435
115819
434
89126
45497
18764
59412
15109
107434
13263
87612
80198
73276
111343
95503
86119
87176
16436
22634
10878
1692
17434
84328
1337
33759
71570
1276
118351
19388
65412
32702
99797
86170
65688
27376
1293
66118
3218
56310
70564
54977
101508
51505
40047
85504
114497
31704
40781
5978
36996
4491
98094
3634
71845
117052
21271
50737
27594
63308
64589
13682
110073
11974
99390
41659
116082
7690
35877
32309
62634
93891
23198
90747
77452
62725
37591
12245
14060
41230
6511
98346
28779
16236
24418
91880
9133
48194
5051
98597
25941
66110
12526
95331
69492
4150
110353
96990
95170
48704
112996
51941
47995
48866
41751
32245
101370
32200
110837
52363
21155
13040
81470
71784
14210
48852
243
50409
28872
118249
112531
24611
106500
96453
32927
117802
75453
64759
2042
26942
5076
116750
42530
115455
78667
32643
20280
101845
27853
12387
16346
80033
102279
15467
31063
72524
91126
11984
12564
87297
98228
80829
19577
99014
56630
34853
76410
28235
10498
49564
47187
51120
80138
100547
110351
27401
38545
52243
51671
61579
33355
43512
7201
35129
58399
52583
71783
37942
43499
80506
35459
112832
58165
29747
72202
9887
2282
6894
10791
103405
13553
17877
66176
2819
67692
102570
119997
43944
24741
58761
85998
114478
99607
80455
9077
91146
14438
11296
8386
57799
97546
93309
48318
85639
8226
25609
111771
119513
64466
84292
108292
81821
52992
24728
83489
68846
70763
71327
29545
75361
26900
67715
41624
68323
95885
41558
33123
37553
17832
32301
114236
66713
83778
53683
75212
1046
25646
98855
90802
90247
16627
106379
55025
64611
69687
111388
88081
62359
800
42179
88061
116138
111874
13122
37485
92409
30115
84992
17991
118743
107481
35869
7873
118662
18274
50549
6612
28925
53866
18375
56795
51702
54956
76171
73749
96048
35244
64860
27432
104545
91884
15800
16914
74571
15010
15552
10105
90684
94557
53382
69022
74926
53670
9040
33879
1210
103657
89767
98798
40435
107995
23255
92054
69922
114030
9287
94971
85246
5331
22758
17918
111733
49750
14867
68948
57665
95293
108928
8058
55642
56893
111734
89630
20958
55880
9836
45725
119654
86011
3288
90541
56303
105250
2213
64266
9869
61381
23925
49381
351
74051
23885
50971
25760
48457
21845
33462
89081
27574
54359
28660
26342
83569
43964
109044
42653
71056
62477
15078
54071
57760
37813
13174
18184
75459
67603
86024
56642
19549
9183
28914
74998
81786
60250
90123
63587
84736
99472
108289
109840
36365
4962
93447
2038
2473
28774
107329
41005
95498
101438
95616
84460
17076
115433
8863
98904
17594
109918
76597
2199
18789
67357
44948
76303
23269
27368
73542
50825
23640
64129
113158
28381
27020
73356
78038
117712
28140
84543
76137
61115
76823
81083
6863
107832
54120
82207
82976
6153
83777
86192
72146
1900
67546
113549
2939
57975
52094
16928
69231
67093
118015
77592
72375
54465
12140
70914
96823
1158
105202
117965
37023
11655
65639
98655
32400
75360
90069
117223
15398
102590
99168
86835
116143
115485
52089
114051
56339
45022
66830
119799
118986
38055
15959
87344
48558
81851
108678
7737
29923
46010
101118
29724
84340
60461
39513
13856
40304
98777
50112
20556
47709
29543
68983
119602
72423
9713
1745
99739
45472
57680
78046
70641
24971
52050
98316
93826
119658
105608
