4972
110419
38335
40768
116503
56511
112971
8590
25824
82571
57460
88562
3016
97748
115832
55701
72081
40502
94887
91608
57972
61338
45334
89371
37682
37461
41386
83317
111409
98370
5485
47162
14074
58608
75478
16376
13745
93025
36041
93168
15280
61816
447
7537
63249
33685
81783
115387
38353
64918
51450
751
11960
48204
102398
88222
27980
73081
22552
75563
71797
10284
58632
20960
31515
107197
41130
46627
58733
45228
103428
94363
60892
20165
19554
94113
11105
116408
106746
83182
91883
28380
90616
54993
93406
46560
53003
21669
106832
99061
33363
49287
28911
88305
99001
108626
94789
101777
54524
52078
112781
54246
97813
8071
6895
36282
9671
105089
46802
86375
32453
38020
1433
83486
104863
23549
116799
99763
71508
77772
111661
35207
103681
48922
20269
82779
106250
95154
33825
61025
115160
111706
114178
45586
73376
83023
21938
74736
56929
85468
70400
100822
42281
116400
61002
53937
81189
6147
85530
97220
4181
78281
49947
39845
94784
37344
18077
100776
81406
56484
37318
118933
25901
117128
30515
25043
81373
71103
76082
76517
22814
96248
44858
78819
27332
98900
76372
104064
37929
89930
40060
95569
9919
25129
87969
41317
3048
3815
65208
56208
96866
10721
31207
59929
26645
116383
22866
72983
115890
22235
20966
81710
16119
110298
21850
96123
62888
14551
49992
50779
29219
34226
117844
30107
26019
91268
77157
36294
374
114013
113506
101708
38517
113691
42318
72050
1230
87917
92411
21087
28607
61850
31590
91142
50018
74952
41713
109527
19125
94301
59683
65095
63574
61325
35646
105538
90812
8865
68471
37381
119043
13066
54358
28261
49005
101599
70107
83861
112051
90631
76229
93508
11847
35416
28930
82696
17867
21348
117189
95687
60028
56057
54178
62188
59970
32377
52220
66952
9673
14573
52690
111014
21471
4655
66206
26239
97035
109730
16174
20300
45653
107432
107444
72082
56955
91956
59518
61341
45861
100326
5541
50512
95645
27387
48409
69682
44833
33499
62182
14618
113830
105205
50567
98434
96999
14396
2790
99662
87514
51055
48467
40897
22487
26700
63479
111814
116717
50483
11727
8937
11091
102367
40354
37364
83092
39616
20878
76835
117022
92470
16536
32323
75624
55370
109533
52889
5092
25865
109961
82901
46619
10288
18832
45426
35828
76236
110332
1428
42017
82629
101473
105185
83348
111149
78755
1480
1810
62468
42797
95521
16418
55537
58058
60313
27732
116624
22643
58152
43926
114855
82447
32949
111696
62199
28225
59352
101761
35421
34201
101174
104669
113841
54506
18662
90823
44727
70057
84395
70682
59490
40297
98612
112864
48601
22651
93238
2398
85199
64819
24000
108684
26673
88709
35377
20769
61748
116739
95600
57843
76126
6655
48691
34948
83904
72743
92982
67647
61116
23548
78419
12268
104021
37524
16110
94303
94954
43465
95113
13381
96142
62917
71358
16392
30015
57628
62083
59252
46566
19483
24241
6963
35524
12501
50165
92272
65076
92296
112801
35120
104978
76535
101570
17038
46239
79959
66863
38599
6158
116850
93200
114171
13282
103558
50340
114084
14699
56582
103282
4836
84501
84125
2463
94111
79217
96622
29719
84889
74196
71567
5632
8257
67766
72459
28784
28102
63597
42900
49433
31945
62235
71408
25288
42011
90608
72567
76034
41496
65806
406
53078
24569
86513
47401
11890
68826
10560
44842
119402
34584
14550
33130
21113
28280
92259
73660
9815
3061
91165
97575
30897
33678
103081
77344
43537
94778
33032
4430
5062
64983
56752
118902
112583
92542
22008
26872
98235
84040
101834
109470
33911
6688
104991
73227
72117
55752
58922
73004
37811
12348
87368
64281
119184
108145
52782
88257
27886
36927
80833
14959
59220
30542
15769
11384
17126
114327
19739
100563
119748
38727
109500
87719
9813
85517
6084
115948
103135
12430
55228
12799
43326
20034
96081
72047
25044
40721
20496
89957
96223
25718
19183
63653
32440
25838
118557
79387
60833
78012
115622
45689
32380
61675
109611
96772
119458
3096
87765
10383
67963
104823
19653
69753
7991
91270
87529
55406
34508
74199
60944
11448
61142
83634
24080
89443
91536
117486
10772
95538
106493
95343
91140
99896
105536
90266
104103
69576
106554
23207
72260
59646
79609
96797
85416
115490
94156
91820
38664
57269
80650
87575
48402
55836
76838
64560
30557
20014
83539
58615
72107
6114
63331
102188
33728
79729
113366
14624
7277
60956
27606
115188
115313
99700
103512
35808
117555
16425
56221
74183
29151
8617
23340
94136
114226
61072
67039
55111
8312
23857
50378
49043
14163
50234
24996
70865
115807
13635
83070
51719
110727
50539
29716
80449
98180
116828
36990
53499
81374
109508
30458
54201
95952
70017
113150
89405
37585
89784
74793
86518
20226
55765
42444
68978
62760
77300
48849
27550
63168
5094
33428
85007
91440
70947
25859
51964
12264
106771
6539
119712
73934
41914
112620
27765
10629
7111
8640
10660
29378
84202
110048
115843
115013
46013
31423
95370
83424
16983
64959
8991
49508
19235
35275
66046
19149
51586
5538
7501
7281
27604
47402
69916
69077
112450
14989
6222
9575
43882
63886
27640
14317
3271
69571
44548
111057
105275
47212
48754
59057
83543
104652
12670
24413
52319
61454
43573
3881
34424
108835
26832
110151
51912
62154
97444
84173
83445
104814
19491
24415
108836
43942
91388
108889
55232
119497
98055
31805
107734
43002
7312
70478
61566
61571
102175
13339
89533
96068
73212
80424
35938
15726
115261
106033
59770
4255
100493
23896
82415
66506
93516
15188
117543
97548
90361
57410
38044
4903
14920
75770
58931
79725
103235
28960
45496
45475
63722
37012
97443
48210
100860
83376
67168
47221
66165
97279
119543
43830
84609
60662
4736
109277
112103
11990
8656
80001
65681
31397
53212
11423
6199
10140
19485
7475
97728
10934
66692
57004
95771
56235
20325
51209
40741
7119
34840
41246
82635
34800
115211
114215
101149
89580
95450
81475
8599
114378
100274
108662
15349
51645
55568
3911
115543
5669
19523
50227
55241
88666
43215
91024
71748
49964
109233
92418
70454
53325
107609
103929
66920
69299
39213
105520
111413
3679
70775
1967
84102
115318
104600
105705
114741
70898
95603
103273
5757
106403
92907
116136
25458
30193
14445
32625
88578
99242
109657
99769
29796
101504
103831
13922
70187
3906
54367
14986
118271
89851
102620
107469
93423
61169
32312
94191
75314
39851
18993
59892
59450
83347
116002
56007
2817
61831
54804
65331
29331
113087
60283
3808
108596
19867
43612
70572
14663
57030
94871
26024
88625
35448
5769
56727
70543
50847
86565
48697
36086
89530
20452
51838
94968
773
41855
59885
43999
45630
13733
45336
60182
74693
5384
96804
68583
32260
37910
102798
78936
15419
82972
66282
86456
3102
29837
15274
110826
2435
16520
62810
118729
67617
113873
8877
108922
57829
63801
19216
66407
52410
68278
61901
57734
111381
84261
92842
58237
15431
88668
78899
33969
99755
63885
17589
11092
100714
41466
44265
83727
61789
13802
74594
119836
16552
116767
13753
82127
25337
26326
68738
66628
108916
106953
790
59534
74012
70139
50384
77793
13165
104371
51805
37960
68540
35025
51281
18742
97881
117199
27844
109183
37776
31745
98967
41834
92492
35778
18110
2178
92138
106299
102676
25860
93878
408
56050
32822
1371
62193
11519
76858
105920
68553
40148
105129
87364
38686
34684
47310
117930
101250
52920
62822
114017
62424
17392
43486
115990
80066
39194
81389
33043
488
104190
97969
28242
113611
76915
93974
20947
3720
98394
100844
12681
4046
51769
56571
64775
113221
71854
71009
79315
51276
114803
67445
97132
72220
62765
57182
95116
49426
32185
32303
94061
112065
102548
2526
59466
9149
93468
71640
42089
76141
63252
56813
42094
64825
83428
80434
37555
108710
106215
9353
71655
119877
35182
118990
105627
12313
40077
24638
56426
74703
24067
107970
107205
28035
82842
38140
105238
36112
39327
115702
70575
50197
7474
5196
8510
47906
70334
35726
88501
102227
106809
13266
4173
24674
118843
7152
30292
117690
25080
113041
74494
11560
59477
37721
42925
64523
1064
13813
116572
96231
62664
66315
